Protein: Arid3a	Seed k-mer: TTAATTAA	Enrichment Score: 0.49407
A:	0.179645793597971	0.210100830864919	0.18297957170479	0.218158426414591	0.0870705802557497	0.0435293344848582	0.695645391274696	0.886231513936226	0.105526350481291	0.112302355076614	0.815030478488063	0.719906706101697	0.598597229834128	0.469818137392637	0.233954380973979	0.267838631058226	0.240559605564699
C:	0.266648735950844	0.218430924209102	0.213084153545938	0.203797703013696	0.110886816294852	0.0958703394836635	0.0104078225875119	0.00354104133931097	0.00470109424317215	0.181644431061179	0.045569847543415	0.0821358973477016	0.0458429114703258	0.282556547844063	0.229160661497462	0.231747372592299	0.300737862311012
G:	0.382823288901203	0.353259680323954	0.340965693699501	0.18760023292416	0.0821358973477016	0.045569847543415	0.181644431061179	0.00470109424317215	0.00354104133931097	0.0104078225875119	0.0958703394836635	0.110886816294852	0.0853202791343203	0.0573452956112842	0.190290024780233	0.133765504128307	0.201112183210201
T:	0.170882181549982	0.218208564602024	0.262970581049772	0.390443637647554	0.719906706101697	0.815030478488063	0.112302355076614	0.105526350481291	0.886231513936226	0.695645391274696	0.0435293344848582	0.0870705802557497	0.270239579561226	0.190280019152016	0.346594932748325	0.366648492221168	0.257590348914088
