Protein: Arid3a	Seed k-mer: C.TATCAAA	Enrichment Score: 0.47327
A:	0.30802013052853	0.248645896712315	0.256412373138997	0.272754308450474	0.373995137583118	0.0729155655707379	0.811964115145407	0.0408879169317603	0.178536147311814	0.502337695245645	0.348504451665774	0.43786681678324	0.248428905118418	0.215644927632108	0.198294588247106
C:	0.276346695589237	0.301261009156109	0.342954374494595	0.338198331260163	0.152483679932365	0.189056143829106	0.0714472849350039	0.172828629141079	0.579507568596531	0.0738256349319392	0.0970299857931285	0.210964349063345	0.0886398987658005	0.320917089203096	0.0999661655520096
G:	0.16161489197682	0.219933721497643	0.245071590563516	0.328555831533347	0.388887872497568	0.158989545287081	0.101263070316244	0.100770504638393	0.209022606561806	0.252642753251326	0.274747071074513	0.247804267356841	0.177088044413908	0.122075521995294	0.334816990498121
T:	0.254018281905412	0.230159372633933	0.155561661802892	0.0604915287560159	0.0846333099869495	0.579038745313075	0.0153255296033448	0.685512949288768	0.0329336775298486	0.171193916571089	0.279718491466585	0.103364566796574	0.485843151701874	0.341362461169501	0.366922255702764
