Protein: Arid5a	Seed k-mer: AATATTG..A	Enrichment Score: 0.486005
A:	0.177322769961677	0.160221841004699	0.852203018833067	0.961248539596473	0.0565398220443113	0.930330589214641	0.019950864688249	0.0411316382396864	0.233918811349109	0.339577406902739	0.285389335391289	0.572142692856743	0.285668980971376	0.342798848206545
C:	0.428313310855555	0.324571292259573	0.0267326703147277	0.00379831572782298	0.00400812936891674	0.0051379987521542	0.0141888286179256	0.0875059354874809	0.027935175632631	0.352987545623934	0.13471914100935	0.0784175907242025	0.184067740053308	0.230459946341397
G:	0.22903578216647	0.0324446387621822	0.073955464568744	0.0101183390736629	0.00787744708407332	0.00713820083753976	0.00678864795483705	0.0390246666857379	0.519604520580082	0.184315929397724	0.268289476918125	0.190434321213762	0.262198874546343	0.153946120466092
T:	0.165328137016298	0.482762227973546	0.0471088462834612	0.0248348056020407	0.931574601502699	0.057393211195665	0.959071658738988	0.832337759587095	0.218541492438178	0.123119118075603	0.311602046681237	0.159005395205293	0.268064404428973	0.272795084985967
