Protein: Arid5a	Seed k-mer: T..AATACGA	Enrichment Score: 0.401965
A:	0.171818474794893	0.302395808449779	0.143417743379079	0.279634036258407	0.282521793091176	0.67180794910238	0.834274386241542	0.0374260265202901	0.781687011470387	0.094411302375252	0.121495542183723	0.531845124553274	0.406274049878601	0.434643007022191	0.151869112283505	0.351313940798544	0.442449108531442
C:	0.301056158269957	0.167175520870631	0.268924854357836	0.190553864351617	0.364494257325439	0.0580293024285749	0.0732992285220956	0.0541624682468082	0.119873477031243	0.739417658113489	0.182463683422598	0.0585129870779191	0.102159448175403	0.139451979646365	0.281521051645057	0.200542211760488	0.213938960974302
G:	0.272983710858808	0.303663804996695	0.0925163619061908	0.254921512922246	0.178653788678072	0.0596476368157696	0.0527562068364571	0.0972876506622248	0.0595360771638669	0.148945962228046	0.688059185511045	0.264994447871685	0.285680702665462	0.187266769412023	0.246109594746648	0.276808714681745	0.210894821994709
T:	0.254141656076342	0.226764865682895	0.495141040356894	0.27489058646773	0.174330160905313	0.210515111653276	0.0396701783999056	0.811123854570677	0.0389034343345037	0.0172250772832127	0.00798158888263429	0.144647440497122	0.205885799280533	0.238638243919421	0.32050024132479	0.171335132759223	0.132717108499547
