Protein: Ascl2	Seed k-mer: CCCC.CCC.A	Enrichment Score: 0.421525
A:	0.114461549089786	0.192593287280278	0.338837829775925	0.312050850750647	0.143974706097306	0.0787505509789436	0.146190741113154	0.137287160991388	0.335099485079304	0.0330897683707383	0.117515920775723	0.114768535685947	0.195787120472725	0.415354533744615	0.111178497182706	0.191516791851432
C:	0.345602359480712	0.25084449306752	0.304929261569313	0.115094331804079	0.600491735865346	0.715072296499343	0.685571209381871	0.646077925711715	0.092260135908066	0.631176315968281	0.61933603047287	0.627362280511385	0.252056868434976	0.120731214471652	0.21707870954717	0.296951942197243
G:	0.289353230115255	0.116249624289927	0.195842542660874	0.162464735073906	0.123348444974066	0.135182198816251	0.0697987838749943	0.126428373195834	0.371509553068663	0.0742775759527978	0.100945801616778	0.089838663325904	0.220803412375946	0.281372401522544	0.245769053622707	0.153369544849602
T:	0.250582861314247	0.440312595362275	0.160390365993888	0.410390082371368	0.132185113063283	0.0709949537054629	0.0984392656299799	0.0902065401010639	0.201130825943967	0.261456339708183	0.16220224713463	0.168030520476764	0.331352598716354	0.182541850261189	0.425973739647418	0.358161721101723
