Protein: Ascl2	Seed k-mer: C..CAGCTGC	Enrichment Score: 0.496055
A:	0.168851635793766	0.150343060468891	0.0915183749077895	0.472492739047685	0.294512970689637	0.0146600785765386	0.954848013250348	0.00607555742018626	0.052081747786848	0.0193417392153776	0.00545485710316886	0.0429458638945668	0.116887902271541	0.315930971045241	0.199163620447481	0.218560758838482	0.145316842222486
C:	0.325948267815617	0.193286095014154	0.482905094916961	0.198776281879646	0.179919108227988	0.972080319559083	0.00810717792357091	0.178912398469911	0.817414522122167	0.0104055895822396	0.00807347695554335	0.715550844748532	0.241739369334012	0.324343498395948	0.366921133998891	0.211076363088845	0.139807636424515
G:	0.188604326712915	0.241301419431226	0.122928141556078	0.225795778613095	0.447250126169976	0.00559124552348884	0.00847401641326097	0.760021457962684	0.124796663535171	0.00890538598503273	0.977684017315978	0.0870198192351408	0.170072687858786	0.291451432691953	0.163689688822294	0.187732344215328	0.389261740066582
T:	0.316595769677701	0.415069425085729	0.302648388619171	0.102935200459574	0.0783177949123993	0.00766835634088946	0.0285707924128202	0.0549905861472186	0.0057070665558142	0.96134728521735	0.00878764862530945	0.15448347212176	0.47130004053566	0.0682740978668585	0.270225556731334	0.382630533857345	0.325613781286417
