Protein: Atf1	Seed k-mer: ATGACG..TA	Enrichment Score: 0.423715
A:	0.19087109961234	0.317846045706655	0.648957608714369	0.0369311359958521	0.0838314198147913	0.825537283101291	0.0362293346977887	0.158666998571068	0.564583962329619	0.39892861041386	0.0183567215919035	0.691639877818751	0.455948201263195	0.257718776679461
C:	0.208589846553343	0.1116689961018	0.110707324053762	0.0518841012886246	0.0471403292420458	0.0408135271679518	0.860338884743481	0.0265821365219747	0.233980620660121	0.0208412657798149	0.259285763790638	0.0687107994766941	0.106302466030573	0.300244015064166
G:	0.418110986529497	0.286305586762104	0.203307027434418	0.0465111890757494	0.807373504828836	0.0655016971062335	0.0490318085280631	0.782381517597413	0.0837897822408393	0.349286051369993	0.208353400471036	0.0993936421148	0.180731922712279	0.204520349061019
T:	0.18242806730482	0.28417937142944	0.0370280397974514	0.864673573639774	0.0616547461143271	0.0681474926245234	0.0543999720306671	0.0323693473095441	0.117645634769421	0.230944072436332	0.514004114146423	0.140255680589755	0.257017409993953	0.237516859195354
