Protein: Atf1	Seed k-mer: TGACGTCA	Enrichment Score: 0.497485
A:	0.38133548104599	0.139538140713416	0.158070351557753	0.472755780231409	0.00886779433933973	0.0141018113527473	0.962594411334896	0.00309114333111613	0.0446456140307347	0.0209374995145062	0.108153124414418	0.956989655628891	0.0497606504900478	0.225768656973481	0.264766039141116	0.352318713428039
C:	0.135129342696718	0.419618818375268	0.0984927695389462	0.0965942532163225	0.0288108324232745	0.0142690192644697	0.00465258372639134	0.949098550903415	0.0031646917347339	0.0118155054242066	0.863476044968365	0.00533171760849531	0.357863353006342	0.44843155080537	0.0976267360802048	0.18027942478116
G:	0.244886949768363	0.195664871354183	0.409974419189609	0.388246497932254	0.0053317176084953	0.863476044968365	0.0118155054242066	0.0031646917347339	0.949098550903415	0.00465258372639134	0.0142690192644697	0.0288108324232745	0.144826297243488	0.142339590609586	0.493030998794833	0.236766998124659
T:	0.23864822648893	0.245178169557134	0.333462459713692	0.0424034686200145	0.95698965562889	0.108153124414418	0.0209374995145062	0.0446456140307347	0.00309114333111613	0.962594411334896	0.0141018113527473	0.00886779433933973	0.447549699260123	0.183460201611563	0.144576225983846	0.230634863666141
