Protein: Bbx	Seed k-mer: A..GTTAACA	Enrichment Score: 0.42003
A:	0.198665124227384	0.303099820687377	0.48568857091795	0.220174640030051	0.16311433499173	0.0747761008660017	0.0613165155063336	0.0473863309130532	0.815482365462897	0.748924385861048	0.16208192306911	0.641926502536983	0.142547726065427	0.280840736908461	0.167379044653399	0.295358268222152	0.281157451560414
C:	0.22645224510599	0.271939578639342	0.14678932727218	0.274625451026	0.264053878104491	0.044218790062421	0.0296472058088108	0.10323144144798	0.0525556625622554	0.178468147025223	0.694436205322774	0.140862485475259	0.26577089094563	0.232137242969324	0.234928314663011	0.126213079567248	0.210000265900721
G:	0.17809093229358	0.341964968272965	0.0613831884348499	0.207682387342289	0.262613400971515	0.80808645933336	0.0942623173311196	0.0452716644818807	0.0875397697342118	0.0263044777994354	0.0350335212048768	0.156430728028185	0.42166712240226	0.159362231999521	0.287553500153636	0.392755612143066	0.368827716693951
T:	0.396791698373046	0.082995632400316	0.306138913375021	0.29751752160166	0.310218385932265	0.072918649738217	0.814773961353736	0.804110563157086	0.044422202240636	0.0463029893142933	0.108448350403239	0.0607802839595724	0.170014260586683	0.327659788122694	0.310139140529954	0.185673040067535	0.140014565844914
