Protein: Bbx	Seed k-mer: TTCA.TGAA	Enrichment Score: 0.46672
A:	0.243560873779728	0.606538176187487	0.460255875416143	0.134433946276435	0.0913329656210277	0.136283897033399	0.917109030788599	0.45224393408727	0.0359441520337709	0.0475852285881772	0.86799674849635	0.778753363754453	0.123705118684704	0.291281741118567	0.33062606243941
C:	0.194936424040099	0.159877538988805	0.141315149263762	0.0335083587576954	0.0199660749055727	0.75357132294826	0.0314752088291793	0.0848898746039908	0.0154716083484512	0.0625595514301641	0.02070421097705	0.0533043312114166	0.284125306656146	0.126574394207746	0.0625648081539657
G:	0.123150164526517	0.0564757758785554	0.21523669767678	0.0533043312114166	0.02070421097705	0.0625595514301641	0.0154716083484512	0.121698049569224	0.0314752088291793	0.75357132294826	0.0199660749055727	0.0335083587576954	0.35336127856272	0.120737413447174	0.348868388592034
T:	0.438352537653656	0.177108508945152	0.183192277643315	0.778753363754453	0.86799674849635	0.0475852285881772	0.0359441520337709	0.341168141739516	0.917109030788599	0.136283897033399	0.0913329656210277	0.134433946276435	0.23880829609643	0.461406451226514	0.25794074081459
