Protein: Bcl6b	Seed k-mer: CCGCCCCA	Enrichment Score: 0.455555
A:	0.31657201854601	0.167140755862836	0.175523107640263	0.165051804987945	0.069489285836322	0.0499432044450911	0.22338219563164	0.0729438676421261	0.0705352235948506	0.031034943992234	0.063668496555908	0.348487645054391	0.307220453686646	0.460933257089887	0.315797857515202	0.374526780224629
C:	0.278382064116898	0.257034019576053	0.325956046969772	0.385676978315481	0.782718364196257	0.800635997432349	0.0603061298670819	0.81825209726107	0.845126963955574	0.859353658556131	0.798503354039601	0.030697325267928	0.256469899983389	0.285057364848301	0.22843050016129	0.268327674075484
G:	0.152555684255535	0.259893949421735	0.259996031974924	0.239448876530385	0.0724537183071875	0.0319880825930364	0.552690774331406	0.0344062790247323	0.062712265986587	0.0554241727141385	0.0672736713397857	0.19717947335666	0.181008968011558	0.0902578679563356	0.171134879016712	0.198810165325272
T:	0.252490233081557	0.315931275139376	0.23852481341504	0.209822340166189	0.0753386316602331	0.117432715529523	0.163620900169872	0.0743977560720713	0.0216255464629883	0.0541872247374965	0.0705544780647052	0.42363555632102	0.255300678318407	0.163751510105476	0.284636763306796	0.158335380374615
