Protein: Bcl6b	Seed k-mer: TTC.AGGAA	Enrichment Score: 0.47863
A:	0.346549991499386	0.169327598723546	0.0856187734134287	0.128756071747555	0.0323806149903998	0.0131841248929074	0.0183968121298673	0.800901996610919	0.141165985121709	0.073467155584842	0.878497102688311	0.875923980590474	0.20568425535168	0.244336134413355	0.208970785789723	0.201607104675433
C:	0.0822988200782286	0.599178021488806	0.105819677198729	0.084681971136607	0.00992310178825075	0.868651297891175	0.104497280486703	0.0109112820263132	0.0553966877453505	0.0212387707886865	0.0150307087960807	0.027012536597127	0.21331341820428	0.228276983952607	0.30443671994083	0.294078621992318
G:	0.202982368522589	0.0465082322889132	0.0593896867153074	0.0767797427935981	0.0164765010211864	0.00939888440666357	0.450474370316388	0.0159819848777166	0.762378821667002	0.811629510418987	0.0449635792264065	0.0137804176279306	0.0409356569628948	0.168226872491104	0.14847320237074	0.334889286447214
T:	0.368168819899797	0.184986147498734	0.749171862672535	0.70978221432224	0.941219782200163	0.108765692809254	0.426631537067042	0.172204736485051	0.0410585054659379	0.0936645632074845	0.0615086092892021	0.0832830651844682	0.540066669481146	0.359160009142934	0.338119291898707	0.169424986885035
