Protein:  Bhlhb2-secondary	Seed k-mer:  T.CACGTG.A	Enrichment Score: 0.495506356861026
A:	0.120938432674157	0.220931375285326	0.127751585384566	0.140641124070749	0.296957453997243	0.219647243179561	0.049293775748539	0.52004171472562	0.0491899809518211	0.902608986982792	0.0032214363822541	0.0199374431450641	0.0158541140152965	0.00303047566354018	0.00349670599135802	0.802859210641671	0.334544101804803	0.275957244898788	0.134097131596363	0.396162743112079	0.276473612132787	0.160758913563104	0.203314383183687
C:	0.344851001073512	0.16984373927787	0.260812249069135	0.405472777509947	0.155578841323791	0.287193252608254	0.026058510384246	0.28928413621933	0.943471573713099	0.00676665119616117	0.971329409962937	0.0055117105097449	0.0747702478057507	0.00430796967153929	0.0889199758595151	0.121788503225545	0.155170064240784	0.132104132557948	0.254352057430015	0.432783647380003	0.115626702879142	0.0880606257812274	0.166594631833685
G:	0.124072475417846	0.422396062268029	0.103810872601765	0.28766821362425	0.301093856239738	0.154072328786306	0.121788503225545	0.173423492518713	0.00430796967153929	0.0747702478057507	0.0055117105097449	0.971329409962937	0.00676665119616117	0.9434715737131	0.685942012759539	0.026058510384246	0.275193426620365	0.454981622246882	0.422939542295166	0.0512811861476386	0.41984374476259	0.64986251392443	0.106821291338573
T:	0.410138090834485	0.186828823168775	0.507625292944534	0.166217884795054	0.246369848439228	0.339087175425879	0.802859210641671	0.0172506565363373	0.00303047566354018	0.0158541140152965	0.0199374431450641	0.0032214363822541	0.902608986982792	0.0491899809518211	0.221641305389588	0.049293775748539	0.235092407334047	0.136957000296381	0.188611268678456	0.119772423360279	0.188055940225482	0.10131794673124	0.523269693644056
