Protein:  Bhlhb2-primary	Seed k-mer:  TCACGTGA	Enrichment Score:  0.499291404935214
A:	0.347836691457533	0.298328599930786	0.42179138941019	0.387505588013745	0.19718266828713	0.345884353977309	0.228202546715151	0.0371259116610128	0.0552138814234342	0.974118875468983	0.000300392821585069	0.0340560992278564	0.00588001783647431	0.000794201066087027	0.724327866940599	0.0157204686426172	0.173670166992711	0.407418960410697	0.351477714372651	0.207869014622353	0.434482206627167	0.211144341105162
C:	0.112348511239696	0.175328850187504	0.222552693987456	0.130670246396454	0.244864158260747	0.188785555342928	0.142148181233824	0.00677158370489995	0.942800222624384	0.00446624296775569	0.958145251040985	0.00749825690957376	0.0155348637267874	0.00119169488609449	0.231774637693488	0.466475576404037	0.35517044720316	0.261538693732273	0.209698024667457	0.28458224348196	0.113724017240381	0.363745049401481
G:	0.403713210418945	0.324533610187983	0.113614718499349	0.161434694212401	0.304610854084691	0.278289552718363	0.408268643086438	0.231774637693488	0.00119169488609449	0.0155348637267874	0.00749825690957376	0.958145251040985	0.00446624296775569	0.942800222624384	0.00677158370489995	0.315207607899235	0.210710337733694	0.134430035644429	0.262425544368911	0.198950975236052	0.184408229527594	0.173978061694275
T:	0.136101586883826	0.201808939693727	0.242041198103004	0.3203894713774	0.253342319367432	0.187040537961399	0.221380628964586	0.724327866940599	0.000794201066087027	0.00588001783647431	0.0340560992278564	0.000300392821585069	0.974118875468983	0.0552138814234342	0.0371259116610128	0.20259634705411	0.260449048070435	0.196612310212602	0.17639871659098	0.308597766659634	0.267385546604858	0.251132547799082
