Protein: E2F2	Seed k-mer: A.GGCGCGC	Enrichment Score: 0.495945
A:	0.305969725076062	0.279551326612032	0.391304266228575	0.701667261386456	0.427654730472793	0.144368150441769	0.0142945168358005	0.019783466353382	0.00118879238494922	0.00134340394226901	0.0112932124041133	0.03910621602219	0.147662929154373	0.462769076224178	0.293396196023194
C:	0.21434827344165	0.218276073886773	0.162239022375763	0.102205731599145	0.0683679162565586	0.191047936468608	0.0206132712348182	0.962982060554434	0.0238823214495969	0.919840229613006	0.0979447296218649	0.864604295879818	0.328104697503544	0.203531192579206	0.229649906210282
G:	0.269312277312038	0.140575982913885	0.193915682768581	0.0415795728688035	0.324706152767554	0.609772068552516	0.958396899088728	0.0134030133765388	0.973231497956612	0.0777275229842707	0.865194078584648	0.025189461262706	0.407117707441794	0.107985553810404	0.0828186594321826
T:	0.21036972417025	0.361596616587311	0.252541028627082	0.154547434145595	0.179271200503095	0.0548118445371073	0.00669531284065284	0.00383145971564494	0.00169738820884171	0.00108884346045385	0.0255679793893739	0.0711000268352863	0.117114665900289	0.225714177386212	0.39413523833434
