Protein: E2F2	Seed k-mer: CGGCGCCA	Enrichment Score: 0.492005
A:	0.2704401466472	0.232293824553287	0.182718648811551	0.32166754059233	0.10597094035225	0.150172027245697	0.00455868116379531	0.0478433508373583	0.0100887630152823	0.0122764128374067	0.0459118414331594	0.781965072328259	0.612968274487541	0.357204303460633	0.292059187528468	0.164667144585506	0.157764910641177
C:	0.280854563996597	0.286576741921589	0.289523645691666	0.055383382227865	0.476988758749163	0.0137013551586514	0.194378164390001	0.942269228692923	0.00258398875110373	0.865373489580184	0.779219643705453	0.0116227134053222	0.172164479748871	0.206996637451201	0.261101052111441	0.173227022291254	0.278892432486016
G:	0.182253932648463	0.287021989443211	0.187726474522759	0.129604184540657	0.00758013285624535	0.803513011961375	0.794740729905578	0.00591760599925775	0.946109395733224	0.117935353488399	0.00693541655777782	0.113119353501702	0.0960610539237365	0.222456402337992	0.279673741850398	0.371882348834686	0.333118716726286
T:	0.26645135670774	0.194107444081914	0.340031230974024	0.493344892639148	0.409460168042342	0.0326136056342759	0.00632242454062528	0.00396981447046127	0.0412178525003898	0.00441474409401017	0.16793309830361	0.0932928607647172	0.118806191839851	0.213342656750174	0.167166018509692	0.290223484288554	0.230223940146521
