Protein: E2F3	Seed k-mer: A.GGCGCGC	Enrichment Score: 0.497385
A:	0.358867829487782	0.303014079547891	0.420933431610772	0.76972373912835	0.311972528602132	0.0979161267476976	0.00997970313485413	0.0144248196026629	0.000890919205102416	0.000827043147015445	0.00707071626180499	0.0200991533954944	0.114080295297596	0.331438796413217	0.319845759310753
C:	0.212370593647703	0.253579796868387	0.110957291906687	0.0626618396703165	0.0513190333699882	0.14115290316594	0.0140441098674823	0.974798084908805	0.0132279631210995	0.938560123934767	0.102005182151558	0.89765291194671	0.346724090915466	0.279040610454228	0.136791894687845
G:	0.263565127382996	0.111217409934821	0.210957610259857	0.0321550510092819	0.408669007358635	0.719696526380041	0.971955284805069	0.00837349442746066	0.983965946122901	0.059547571557665	0.872377939099844	0.0141506139886943	0.40903670233401	0.0850296419150136	0.0436407829634956
T:	0.165196449481519	0.332188713648901	0.257151666222684	0.135459370192051	0.228039430669245	0.0412344437063207	0.00402090219259415	0.00240360106107154	0.00191517155089759	0.00106526136055239	0.0185461624867929	0.0680973206691012	0.130158911452928	0.304490951217542	0.499721563037907
