Protein: E2F3	Seed k-mer: CGGCGCCA	Enrichment Score: 0.49469
A:	0.265095017552417	0.200676344689801	0.178293022068354	0.351307693716036	0.114543347016559	0.113589232727453	0.00466063515339758	0.0308963923740516	0.00619423581119975	0.00800894214195876	0.0295188123406801	0.764709999891856	0.530327426982105	0.33168866645037	0.332535858349247	0.175188710809871	0.183883755803978
C:	0.268267301613598	0.255223843199809	0.362067546319561	0.0498702785757316	0.445993681484295	0.0208544276340803	0.132010408742779	0.962006824653784	0.00209002732462631	0.911830954539665	0.830095691778268	0.0164055383279609	0.265186323023646	0.153147719288205	0.311591455008935	0.233372465431674	0.334855539113692
G:	0.222996843702549	0.341787736837543	0.104617442943975	0.10199050282697	0.00858395817723726	0.846806733958043	0.859240460617316	0.00401694471902909	0.96556384030657	0.077008918741869	0.0113325460979253	0.0886271213119054	0.100720758210015	0.308481598398952	0.232117554511835	0.375562959568539	0.283993268107639
T:	0.243640837131435	0.202312075272847	0.35502198866811	0.496831524881263	0.430879013321909	0.0187496056804234	0.00408849548650773	0.00307983825313581	0.0261518965576038	0.0031511845765074	0.129052949783126	0.130257340468278	0.103765491784234	0.206682015862474	0.123755132129984	0.215875864189916	0.197267436974691
