Protein: Egr1	Seed k-mer: GAGTGGGA	Enrichment Score: 0.475325
A:	0.182056543451051	0.12200412735576	0.209446285835509	0.14003546420954	0.12487927812734	0.647807139024794	0.0214335714289764	0.0178526062738687	0.166122609665851	0.0227753537336591	0.0387947765108925	0.728916229080391	0.197825866057122	0.264938057311111	0.26796921671886	0.225006359773177
C:	0.230013804918533	0.156883212821718	0.335433152847042	0.27654736467003	0.0193714913260997	0.117013704250054	0.0117452039663038	0.00944110411062134	0.00832584066816077	0.00897169668090464	0.0335916246521579	0.032887902199063	0.427858244990581	0.196184145795002	0.195623743137798	0.250404300623626
G:	0.276532153085638	0.366166158160895	0.185676827469826	0.302465510489831	0.80989502110355	0.183955603142225	0.954633172044818	0.315429022992806	0.807214897205688	0.947283388227933	0.781209030765305	0.0888358169301306	0.0557552469743487	0.092516028139058	0.318765973818402	0.267264983891275
T:	0.311397498544777	0.354946501661627	0.269443733847622	0.280951660630599	0.0458542094430105	0.0512235535829266	0.0121880525599015	0.657277266622704	0.0183366524603009	0.0209695613575028	0.146404568071645	0.149360051790415	0.318560641977948	0.446361768754829	0.217641066324941	0.257324355711922
