Protein: Egr1	Seed k-mer: CGCCCCC.C	Enrichment Score: 0.49703
A:	0.21154655455707	0.141987568249313	0.0326049891658842	0.115125880080992	0.00351617298804692	0.00471505927530208	0.00162661171554292	0.262351636513033	0.00588951436892975	0.022893007138686	0.0230375817479999	0.567633344028017	0.176597348395496	0.183048877753417
C:	0.282708297428212	0.722437213610835	0.877171848622418	0.0706055255547318	0.990021151612928	0.982482238362424	0.975937322680594	0.73173167292778	0.985755764141673	0.0904600627175882	0.859948537587951	0.0573939241648549	0.331264785470826	0.183774382134259
G:	0.203472190989072	0.0548544015614961	0.0124316102251061	0.781289694372796	0.0022649276844506	0.00989687809274059	0.0016616354970228	0.00272955776780519	0.00208140224772502	0.649322460259798	0.0379126448004698	0.166791648160789	0.125308336847723	0.226792774795526
T:	0.302272957025646	0.0807208165783561	0.0777915519865918	0.0329788999914797	0.00419774771457401	0.0029058242695338	0.0207744301068407	0.00318713279138127	0.00627331924167229	0.237324469883928	0.0791012358635798	0.20818108364634	0.366829529285955	0.406383965316798
