Protein: Ehf	Seed k-mer: A.CCGGAAG	Enrichment Score: 0.491855
A:	0.327238132694205	0.19830611984817	0.252373470740358	0.63378135881516	0.160405111531275	0.134205394427582	0.210933356769857	0.0118561377873954	0.00323504282893	0.98418916888549	0.884491913659385	0.249047498802738	0.124601593624778	0.375216970792446	0.402950921756386
C:	0.304036720791005	0.222757744433983	0.217078742752551	0.0398000977914239	0.384709122185969	0.590541421268274	0.755978206479239	0.00147198311025929	0.00160471781394008	0.00241827039681054	0.00265093211496049	0.0546071639538213	0.154669438552539	0.110560826800592	0.186788841847125
G:	0.232174176145722	0.31642064370759	0.267210338439133	0.0369143324251838	0.220671041590226	0.266074466021881	0.0303781273256655	0.984138413578654	0.989464908907766	0.00284172847959836	0.00209468854028175	0.690938540994521	0.0475972313761301	0.230374144629061	0.219550718857326
T:	0.136550970369068	0.262515492010257	0.263337448067958	0.289504210968232	0.23421472469253	0.00917871828226266	0.00271030942523921	0.00253346552369115	0.00569533044936369	0.0105508322381015	0.110762465685373	0.00540679624891894	0.673131736446553	0.2838480577779	0.190709517539163
