Protein: Ehf	Seed k-mer: A.TTCCGA.C	Enrichment Score: 0.46608
A:	0.307205449641049	0.363403243233031	0.296409407130807	0.239303873131386	0.742403884016689	0.160692130209469	0.0739993485727812	0.0748741475479536	0.0226232825278555	0.0277226237873368	0.0294049577618867	0.776422141224345	0.270188455209809	0.0705636289787253	0.31696167362289	0.327940123975001
C:	0.0344403890426423	0.109044142230046	0.24117861044179	0.113814504212511	0.0631584331040275	0.233592494644163	0.0140067450967934	0.0142981196428488	0.925965762010393	0.921907334033197	0.0749652431289942	0.0830244896396168	0.158044253461694	0.545506140789296	0.128938244021521	0.106122152287044
G:	0.106634540836892	0.17856446992701	0.359665963655812	0.274725179032767	0.121573339524976	0.260062089602388	0.0124863051117326	0.00990660158489079	0.00837783813856089	0.020087634386389	0.595499771077043	0.0411239188937361	0.134940007818918	0.345463273323811	0.151825700313154	0.104096865613508
T:	0.551719620479416	0.348988144609913	0.10274601877159	0.372156443623336	0.0728643433543076	0.34565328554398	0.899507601218693	0.900921131224307	0.0430331173231908	0.0302824077930776	0.300130028032077	0.0994294502423021	0.436827283509579	0.0384669569081674	0.402274382042435	0.461840858124447
