Protein: Elf3	Seed k-mer: A..AGGAAAT	Enrichment Score: 0.491855
A:	0.338918198531544	0.614327601674709	0.248636379639384	0.389941574953292	0.473107452400227	0.0322846340429597	0.0213648381401363	0.97625772034872	0.892027374167653	0.433755145041475	0.0989306724353742	0.423163568513278	0.572261705854794
C:	0.13828401248258	0.0465357186387757	0.405469337558224	0.368831542334348	0.443315232203406	0.00536479280844507	0.00689490577311877	0.00653604857926675	0.00745586085131195	0.0376819125944846	0.159996972736361	0.0774189436284662	0.158763203626535
G:	0.180304409395735	0.0666445983721451	0.125812928980628	0.198251933988923	0.0648842810788086	0.95272666330517	0.955827132785587	0.0109976643977406	0.00367821338468326	0.520487053011704	0.0236911111652505	0.201004274628418	0.164963493594232
T:	0.342493379590141	0.27249208131437	0.220081353821763	0.0429749487234378	0.0186930343175583	0.00962390984342516	0.0159131233011581	0.00620856667427212	0.096838551596352	0.00807588935233681	0.717381243663014	0.298413213229837	0.104011596924438
