Protein: Elf3	Seed k-mer: T..AAAAAAA	Enrichment Score: 0.455225
A:	0.155082549196115	0.12319463611225	0.11025241009376	0.216488933526949	0.396130222189667	0.634769896901298	0.667102018919384	0.625494652471839	0.717478001312474	0.729965007889426	0.670909011405435	0.689441365423415	0.506735487238996	0.40609273311975	0.193912506160104	0.272323597720922	0.224484436090926
C:	0.152981766277713	0.312680590262024	0.131358305225948	0.490160213322121	0.292429057858769	0.0708981319512825	0.0999151518526221	0.0955786522799717	0.0932275999738545	0.0486284373570825	0.118717708489741	0.0501450813092489	0.159497559738901	0.298915130010343	0.282078297376867	0.154790361193467	0.458723961694578
G:	0.49090580338694	0.220770459739726	0.153983005014952	0.101347609799235	0.10325164772104	0.0706681669294155	0.0675755109418421	0.0393533024290432	0.0247365536013939	0.0245567711065169	0.0436923601606715	0.0388290824932764	0.0956353828766207	0.149901990290775	0.0967060617206483	0.262468826930641	0.0601444567300323
T:	0.201029881139233	0.343354313886001	0.604406279665339	0.192003243351695	0.208189072230524	0.223663804218003	0.165407318286151	0.239573392819146	0.164557845112277	0.196849783646974	0.166680919944153	0.22158447077406	0.238131570145482	0.145090146579133	0.427303134742381	0.31041721415497	0.256647145484463
