Protein: Eomes	Seed k-mer: GGTGTGAA	Enrichment Score: 0.496885
A:	0.18631616443477	0.300381147773077	0.317840731512419	0.482597567173104	0.654197383172133	0.0956559323577086	0.00265492367477361	0.00328701861291538	0.00675300358153562	0.0399403973542949	0.00901475217720639	0.984069961423783	0.789505343214855	0.649685046716439	0.421758714272734	0.214778627268455	0.202141470927374
C:	0.215540853273273	0.234275672760487	0.211417514091585	0.0953234974055001	0.00898803726087147	0.0228825337007335	0.00835523229865407	0.0807554034991162	0.00151727094045574	0.0987996679699816	0.0390358409629507	0.00236874470533415	0.101528344865527	0.139882165774722	0.205594520586795	0.290522350564839	0.270322690122687
G:	0.297643895432468	0.266282591167538	0.183234730676754	0.245061987023472	0.26195070986352	0.843364207772551	0.976389723498963	0.00105719827970424	0.989916884288462	0.00330495365727267	0.844028585659854	0.00885221260536998	0.0292939889810023	0.0904663527135269	0.0730738314147995	0.134049587648276	0.176797784564658
T:	0.300499086859489	0.199060588298898	0.287507023719242	0.177016948397923	0.0748638697034754	0.0380973261690071	0.0126001205276091	0.914900379608264	0.00181284118954672	0.857954981018451	0.107920821199989	0.00470908126551331	0.0796723229386158	0.119966434795312	0.299572933725671	0.36064943451843	0.350738054385281
