Protein: Eomes	Seed k-mer: AGGTGTCG	Enrichment Score: 0.492675
A:	0.253642093815087	0.112892107654601	0.297430060131202	0.24109811426634	0.89420084547534	0.0522588851320253	0.0050740279449948	0.00325817638346105	0.0175306921987191	0.116022164436962	0.0277486726576653	0.018762851483862	0.17711588207317	0.121482663265104	0.152590177498777	0.221040034228415
C:	0.252604168133369	0.341342192117402	0.215095212463748	0.129378414967507	0.00729922298810091	0.0543027759166453	0.0150479577120204	0.0615291466521405	0.00502498053384366	0.0301723314087034	0.602513318484569	0.0489816923512121	0.459591024959899	0.491485474625901	0.245835357286535	0.320772714745255
G:	0.298295281381684	0.34106132604092	0.343350149067807	0.421447763091996	0.0610315295152674	0.856609498720051	0.966733580245035	0.00236799444017168	0.9731548597567	0.0471387268167232	0.0099456517330356	0.794647657455266	0.284833269902749	0.148744812763365	0.214717067945927	0.2499176977957
T:	0.19545845666986	0.204704374187076	0.144124578337243	0.208075707674157	0.0374684020212917	0.0368288402312787	0.0131444340979501	0.932844682524227	0.00428946751073678	0.806666777337612	0.35979235712473	0.137607798709659	0.0784598230641817	0.23828704934563	0.386857397268761	0.20826955323063
