Protein: Esrra	Seed k-mer: CAAGGTCA	Enrichment Score: 0.49874
A:	0.212523517480303	0.420837740087932	0.198118823567296	0.117751684466072	0.0701247617200371	0.965988978225553	0.977262814623515	0.00740408501861415	0.0071470367989358	0.0396077689444623	0.00068532159368803	0.800961031204334	0.24503897675588	0.265396534169715	0.203742400965144	0.194131764282352	0.310710900659905
C:	0.17795794235628	0.283140381060808	0.196346959222771	0.28218417912178	0.781438768215976	0.000955933248807676	0.00306648747446604	0.000266851774425895	0.000286606097059609	0.000729830596426575	0.905345090424261	0.00112641208147053	0.241263233851901	0.238315997719352	0.286207903258164	0.188853923638609	0.263839534015392
G:	0.293722985522547	0.144937836864639	0.26035286463588	0.137206792552522	0.138092950709437	0.0238280903336639	0.0192551531099838	0.938933910443915	0.983376518512171	0.0406818330893774	0.0219300014460798	0.195791088351703	0.0380835490873486	0.304962867208553	0.231001630585121	0.346692717990743	0.184317101173515
T:	0.31579555464087	0.151084041986621	0.345181352574053	0.462857343859626	0.0103435193545491	0.0092269981919752	0.000415544792035402	0.053395152763045	0.00918983859183418	0.918980567369734	0.0720395865359709	0.00212146836249198	0.47561424030487	0.19132460090238	0.279048065191571	0.270321594088297	0.241132464151188
