Protein: Esrra	Seed k-mer: AGGGGTCA	Enrichment Score: 0.495055
A:	0.252126301525884	0.158171453663628	0.180010452715919	0.206905489898237	0.75658822130915	0.0182616207442319	0.206468164932091	0.00551089823650618	0.00479072898484276	0.0276428039426416	0.00245893520175511	0.924387303776008	0.419386955311422	0.290953634969836	0.196768385858061	0.128427673539564	0.269304763364326
C:	0.268705663038742	0.0834342374246834	0.290882150757232	0.249360357100189	0.0462015760638974	0.0225958519099189	0.0464905151051168	0.00114102769969348	0.00189326044043255	0.00113341775861613	0.97093428525471	0.00316411574926146	0.230189272135496	0.163823188553106	0.281307283107604	0.260428441144508	0.378894793980905
G:	0.351590226064615	0.389645763647342	0.279191616416611	0.275438447654055	0.0239210871067341	0.949142737966371	0.745475093152049	0.983152299456891	0.985951443180805	0.00856487142936734	0.00782641625071624	0.0712247118910036	0.111587811450335	0.341232506558855	0.313868094519713	0.378606801304029	0.123480306761049
T:	0.127577809370759	0.368748545264347	0.249915780110238	0.268295705347519	0.173289115520218	0.00999978937947825	0.00156622681074297	0.0101957746069096	0.00736456739391998	0.962658906869375	0.0187803632928186	0.00122386858372675	0.238835961102747	0.203990669918203	0.208056236514621	0.232537084011899	0.22832013589372
