Protein: Foxa2	Seed k-mer: GTAAACAA	Enrichment Score: 0.496895
A:	0.335487311081423	0.411634983362145	0.412976304106907	0.608396275122825	0.433473855410741	0.0875521664935546	0.00445920979029918	0.924470382019747	0.920482604468928	0.988335286135138	0.00152711015180413	0.987504581677514	0.719583501240049	0.535389251874837	0.245214910689581	0.306106963975668	0.223743902808287
C:	0.205062048390509	0.179625489388156	0.128601714699524	0.07900206656196	0.0352025191278783	0.00500315630076594	0.0389514994583732	0.068559752750272	0.070038575288658	0.00190168743380503	0.656726168183126	0.00181018742787733	0.065184121314809	0.0999972044073484	0.272016891282276	0.209039698560066	0.278667688067653
G:	0.128956539027619	0.17570148603894	0.0918895994790307	0.107141577345446	0.153143413945133	0.894586452996627	0.00110864204675129	0.00116494651610578	0.00167375016482974	0.00315498510000299	0.00269923953762293	0.00433592573969712	0.050384036862058	0.102849094135855	0.301499148501201	0.248687424252112	0.251931241172224
T:	0.33049410150045	0.233038041210759	0.366532381714538	0.205460080969769	0.378180211516247	0.0128582242090526	0.955480648704576	0.00580491871387522	0.00780507007758483	0.00660804133105391	0.339047482127447	0.00634930515491151	0.164848340583084	0.26176444958196	0.181269049526943	0.236165913212154	0.245657167951835
