Protein: Foxa2	Seed k-mer: AATAACA.A	Enrichment Score: 0.445325
A:	0.337264142747968	0.347117903550848	0.431379779243529	0.585753202495572	0.590169023176472	0.0913739065477471	0.790998720471132	0.738944933778113	0.0713496941061174	0.820757291241371	0.603610956680202	0.53002122250449	0.231296890709417	0.20291950696517	0.198378760218262
C:	0.23113975452861	0.236817329337378	0.12681088071548	0.0895868912707425	0.2258405591172	0.0985510871889397	0.0604851162982793	0.0326597495144504	0.719067158558349	0.079129835055917	0.14595132251494	0.14363374994174	0.288098731002553	0.23251270728742	0.292888804259762
G:	0.283651445570361	0.257338399049219	0.187070912753371	0.164350354894891	0.0884874737645566	0.0995957836887126	0.0817708109945108	0.0931440557404809	0.0643367022763897	0.0294310200404226	0.0974486529167569	0.190468524749702	0.2760560692849	0.431634700387978	0.308599243745926
T:	0.147944657153062	0.158726368062555	0.25473842728762	0.160309551338794	0.0955029439417713	0.7104792225746	0.0667453522360777	0.135251260966956	0.145246445059144	0.0706818536622896	0.152989067888102	0.135876502804067	0.204548309003129	0.132933085359432	0.20013319177605
