Protein: Foxj1	Seed k-mer: GTAAACA.A	Enrichment Score: 0.491345
A:	0.446042345975641	0.271534329927005	0.368645741567902	0.348384308072738	0.0403654085295489	0.824789993017822	0.835134066450404	0.967571515930888	0.00950712853886431	0.947955985242692	0.59920354381786	0.708795130842716	0.30319065726943	0.285550043759563	0.235314847800147	0.220038115726308
C:	0.209997493248518	0.218131224387745	0.184692645109598	0.0342035900091363	0.0856176416432746	0.156631387966256	0.0693812034646433	0.00928034090513112	0.909577012328403	0.00699354132326354	0.170666272200439	0.0358652561141007	0.287144662648347	0.184167421174657	0.210836165709165	0.158538684180419
G:	0.124190652247937	0.245257582075597	0.168481513759612	0.583334865532993	0.0131622485107047	0.00406313407901873	0.00350503971341321	0.00625856487364571	0.00449173952440384	0.00817740866172554	0.0656224198473339	0.0705571694043784	0.184748001931779	0.248661934733184	0.254428158892996	0.286551949996269
T:	0.219769508527905	0.265076863609653	0.278180099562888	0.034077236385132	0.860854701316472	0.0145154849369035	0.091979690371539	0.0168895782903349	0.0764241196083283	0.0368730647723194	0.164507764134367	0.184782443638805	0.224916678150444	0.281620600332596	0.299420827597691	0.334871250097004
