Protein: Foxj3	Seed k-mer: GTAAACA.A	Enrichment Score: 0.49798
A:	0.273456130433887	0.338565835544097	0.475487605414924	0.506618660597548	0.349041859862285	0.303850216519815	0.0141356475085155	0.913373434474507	0.95629365864472	0.987795842469978	0.00228763001816593	0.98670698459411	0.787378427757838	0.57298223177157	0.224166703580396	0.268414005751226	0.241770760598333
C:	0.257472887732609	0.133378503376697	0.192851726347434	0.13264645810737	0.127275401756031	0.0136188768520652	0.0156914743803374	0.0829275394103441	0.0177447742616616	0.00168458982985682	0.814764045700861	0.00268832955700723	0.0654812348905318	0.0899098276138089	0.339979475467603	0.272006656833113	0.394747576966493
G:	0.208488430445154	0.306362627185785	0.15685799704481	0.170373216100415	0.325923949667696	0.678033751634259	0.00307317766706956	0.00190956347540937	0.000583523306755114	0.00415946175091427	0.00142736769787159	0.00334559208708242	0.0579605647759767	0.0661840801330413	0.258885743846322	0.23954091322065	0.174273202024729
T:	0.26058255138835	0.221693033893421	0.174802671192832	0.190361665194667	0.197758788713988	0.00449715499386091	0.967099700444078	0.00178946263973962	0.0253780437868637	0.0063601059492511	0.181520956583101	0.0072590937618002	0.0891797725756539	0.270923860481579	0.176968077105678	0.220038424195012	0.189208460410445
