Protein: Foxj3	Seed k-mer: CAAAACA.A	Enrichment Score: 0.490085
A:	0.317700025307033	0.352302793566272	0.168554336377905	0.52994349033568	0.205868459577127	0.0332609601155972	0.67365704521938	0.496326405574897	0.913037731842943	0.948910148647605	0.0109194423193852	0.955603929545366	0.409399743359153	0.465036374729056	0.212413017392769	0.182538424000383	0.294232545425738
C:	0.247431818060535	0.162637858611126	0.301758121203217	0.0983885388935111	0.388676344268829	0.85384780902902	0.279648609410295	0.243317812008653	0.0370063297261039	0.0148646385431839	0.862142247023464	0.0125135022986741	0.131243505787229	0.133548406253228	0.103583138175096	0.310768183489258	0.219193507675102
G:	0.215783246746704	0.230006291199159	0.264712122165382	0.260344463857875	0.197344565064428	0.00902928401181503	0.0379150645253854	0.00644605943162228	0.0170774354470603	0.012561515921903	0.00952416381587163	0.0122888355924714	0.138666029869911	0.0657268729122732	0.412294259888194	0.349143095897937	0.238797978363152
T:	0.219084909885728	0.255053056623443	0.264975420253497	0.111323506912934	0.208110631089616	0.103861946843568	0.00877928084493985	0.253909722984828	0.0328785029838932	0.0236636968873077	0.11741414684128	0.019593732563489	0.320690720983707	0.335688346105443	0.27170958454394	0.157550296612421	0.247775968536008
