Protein: Foxj1	Seed k-mer: T.ACAACAA	Enrichment Score: 0.46871
A:	0.429896343463145	0.190253763057824	0.343685981566809	0.0785407413037307	0.186617989391157	0.810626717915449	0.0415544008848448	0.846633537078256	0.796757015796969	0.100600978560676	0.693155295529271	0.521885766285748	0.174184050529301	0.441326396029472	0.230750853759308
C:	0.169787201632192	0.276129914279167	0.190489552087968	0.193671040538553	0.538904761357091	0.0326063998313344	0.548181626208836	0.0289360051917545	0.135823372357065	0.796656188314299	0.0330205743331532	0.143922372419348	0.391236267531455	0.195996034264964	0.446170228292773
G:	0.168087785123528	0.200621362336347	0.369833820665364	0.230404683337757	0.189074801591088	0.147596390588631	0.0440081484380411	0.0701838502388907	0.0336949177049602	0.0618815004910356	0.119213565712075	0.17772012382878	0.228568885261086	0.225001997807774	0.149989616119233
T:	0.232228669781135	0.332994960326662	0.0959906456798594	0.49738353481996	0.0854024476606639	0.00917049166458576	0.366255824468278	0.0542466074910985	0.0337246941410056	0.0408613326339892	0.154610564425501	0.156471737466124	0.206010796678158	0.137675571897791	0.173089301828685
