Protein: Foxk1	Seed k-mer: A.GTAAACA	Enrichment Score: 0.498355
A:	0.338171901238576	0.407923819054082	0.595569885891087	0.710844719824649	0.124647161851346	0.201602429965016	0.024589549279588	0.919464854240542	0.972342390697753	0.991045007229692	0.00135750570142381	0.99031838964482	0.804562875708419	0.564823864643089	0.269946589377557	0.337904646515093	0.153780879090737
C:	0.192194083478753	0.117260638786604	0.0704801865350165	0.0387481330093944	0.116137674267745	0.00551365156098905	0.0041929525415205	0.0778707671803637	0.0103949499136602	0.00149475996686282	0.88519690982794	0.00184571891364197	0.0631468202680886	0.087975571416816	0.30027841382169	0.220102061960923	0.274135160541974
G:	0.207816964328747	0.278235584347158	0.119220574098203	0.0526003653713638	0.178053316839602	0.792110404099413	0.00133100670149891	0.000760036018456655	0.000579556797809128	0.00358474165806017	0.000980149895996834	0.00296840421333735	0.0234957411727218	0.102864828659689	0.285008222290902	0.253694452140775	0.318343060857842
T:	0.261817050953923	0.196579957812156	0.214729353475693	0.197806781794593	0.581161847041306	0.000773514374581513	0.969886491477393	0.00190434256063774	0.0166831025907779	0.00387549114538464	0.11246543457464	0.00486748722820113	0.108794562850771	0.244335735280406	0.144766774509851	0.188298839383209	0.253740899509447
