Protein: Foxk1	Seed k-mer: A.AACAACA	Enrichment Score: 0.490805
A:	0.240752949470219	0.36771534396484	0.489168552603655	0.742256205703545	0.0789359629797241	0.588418965723464	0.913923642061812	0.00900653655566537	0.947562390042113	0.901384058095984	0.0771566246430825	0.82431391370135	0.254436176375306	0.319399843961637	0.23101350898682
C:	0.425595381575723	0.247223744335098	0.22034301605682	0.0428087202927219	0.546144080818686	0.293579576848183	0.0262562571706217	0.565680008103488	0.0208779289338314	0.0215193195512327	0.797899791363544	0.0401283868586233	0.342235114177356	0.33816283589476	0.260719339812039
G:	0.141281006359747	0.117352535054557	0.113844052710865	0.146703780488085	0.0323279604170233	0.082116803273242	0.0507776087543119	0.0106831449404137	0.0188209418472026	0.0302038633650701	0.0264323322008692	0.0519098671709482	0.143789448609398	0.12974602027237	0.169042062039087
T:	0.192370662594311	0.267708376645504	0.17664437862866	0.0682312935156484	0.342591995784567	0.035884654155111	0.00904249201325401	0.414630310400433	0.0127387391768527	0.0468927589877127	0.0985112517925041	0.0836478322690784	0.25953926083794	0.212691299871234	0.339225089162054
