Protein: Foxl1	Seed k-mer: CAAAACAA	Enrichment Score: 0.476325
A:	0.56022566827193	0.318077197236188	0.482496745630277	0.200166108563076	0.0336905298461191	0.638019738940283	0.573952845956835	0.890518048412896	0.910758097789523	0.013358297795468	0.911783009999056	0.702891395007531	0.445507417165043	0.587797888028305	0.25898083009034	0.362022479688177
C:	0.121586047484922	0.149136919232202	0.118420453943728	0.160900871540982	0.569718725212724	0.166545190689344	0.105729172642097	0.0533639116520594	0.0281656493030266	0.738707244766734	0.0187543914135254	0.0689396347727696	0.320769268770134	0.129586043607338	0.330938678230501	0.33379605508403
G:	0.0832314145029414	0.179955081608742	0.173594324392633	0.191493138391463	0.0189006342439288	0.0212538572008823	0.00930841059924708	0.0134244947821546	0.0326483623403317	0.023981301783155	0.0318984470068061	0.0768226394644557	0.0572162402062039	0.140591775226646	0.167333913403469	0.145861301412654
T:	0.234956869740206	0.352830801922868	0.225488476033363	0.447439881504478	0.377690110697228	0.17418121316949	0.311009570801821	0.0426935451528901	0.0284278905671189	0.223953155654643	0.0375641515806123	0.151346330755243	0.176507073858618	0.142024293137712	0.24274657827569	0.15832016381514
