Protein: Gabpa	Seed k-mer: ACCGGAAG	Enrichment Score: 0.497865
A:	0.347579411022989	0.291516419037599	0.444682075344386	0.286822766990769	0.777207082337295	0.0201867199102897	0.0449544669648681	0.00496227056456451	0.00257221243334487	0.989037229691004	0.898664827199083	0.21993623627109	0.0216863414183576	0.197325268398524	0.245978407187713	0.323339747567316	0.279354972129709
C:	0.36250102840578	0.289482934997354	0.202283042309497	0.160493484682631	0.0311677625349371	0.935457946921596	0.947416256702726	0.00231485824290418	0.00276596992873283	0.00172260734800969	0.00421301897938882	0.0206059245116836	0.13445913361044	0.176900816339109	0.264864593763728	0.203013028368706	0.250353791055473
G:	0.122566536153814	0.243331092593885	0.117720185145611	0.154997850198585	0.138667508603774	0.0411657415609113	0.0065174397284141	0.991006756880391	0.992354895941704	0.00176878389096118	0.00111500849781108	0.754551660320468	0.0144319029062109	0.362465222807836	0.19733635467731	0.195793424858846	0.25047228339051
T:	0.167353024417417	0.175669553371161	0.235314697200506	0.397685898128015	0.0529576465239934	0.00318959160720331	0.00111183660399201	0.00171611431213971	0.00230692169621871	0.0074713790700251	0.0960071453237171	0.00490617889675838	0.829422622064991	0.26330869245453	0.291820644371249	0.277853799205131	0.219818953424307
