Protein: Gabpa	Seed k-mer: CTTCC.CC.C	Enrichment Score: 0.445765
A:	0.233133339156189	0.100084746950863	0.252996031651427	0.141471209905834	0.16099277566735	0.307889755304365	0.0934528928492841	0.0835351224674759	0.098119166747495	0.0674303361733764	0.28625899695387	0.203211228937249	0.111205617031294	0.19946187518116	0.347919196799417	0.254647938579976
C:	0.551827616522044	0.525562098450111	0.198121241192533	0.19528955137146	0.44276490301237	0.127949813107235	0.148935060504859	0.634211812396974	0.639327706020271	0.451775703257592	0.466974929291126	0.42263706533952	0.315595311444844	0.324651628692659	0.292386663001252	0.29419572375395
G:	0.139009183714433	0.10168796465267	0.299171373771941	0.234560085469902	0.0826527361491613	0.0717127398394238	0.0802878475645367	0.0746523976115838	0.0999574346154852	0.357187662190642	0.0630134041495288	0.133368239796288	0.192833330259886	0.305491243779281	0.23072410786487	0.194942352887174
T:	0.076029860607334	0.272665189946356	0.249711353384099	0.428679153252804	0.313589585171118	0.492447691748975	0.677324199081321	0.207600667523966	0.162595692616749	0.12360629837839	0.183752669605476	0.240783465926943	0.380365741263976	0.170395252346901	0.128970032334461	0.256213984778901
