Protein: Gata6	Seed k-mer: CGATATCG	Enrichment Score: 0.48448
A:	0.0960368996419155	0.0994728560653716	0.14872719105279	0.280786549503952	0.108784342425927	0.0581708359344613	0.681346099814647	0.0262257922834263	0.896263496869785	0.0265674013625475	0.0794573759404547	0.0867394258989229	0.0818534077052605	0.43859863745905	0.0914132380443896	0.142535225750042	0.254672750477746
C:	0.0787199781544717	0.47219999758005	0.227077886459852	0.217654175450364	0.723506349252304	0.0441019298464845	0.227585810877465	0.00747058984524598	0.0700401210015426	0.0645006879453407	0.8182698582786	0.0809698824228468	0.508630519709729	0.302966685076604	0.182314770498885	0.490839659665815	0.169950594399545
G:	0.658870944690142	0.272163978410855	0.409637274466778	0.322181237007478	0.0809698824228468	0.8182698582786	0.0645006879453407	0.0700401210015426	0.00747058984524598	0.227585810877465	0.0441019298464845	0.723506349252304	0.267910525739667	0.195554139689766	0.581418443717068	0.0738030604052205	0.289663955543823
T:	0.166372177513471	0.156163167943723	0.214557648020579	0.179378038038206	0.0867394258989229	0.0794573759404547	0.0265674013625475	0.896263496869785	0.0262257922834263	0.681346099814647	0.0581708359344613	0.108784342425927	0.141605546845344	0.0628805377745799	0.144853547739657	0.292822054178923	0.285712699578887
