Protein: Gata5	Seed k-mer: CTGATAAG	Enrichment Score: 0.49491
A:	0.327855677720218	0.399981504788715	0.394489654087772	0.409289954664515	0.0588030274323456	0.180750164957294	0.00355171585609858	0.990123655253502	0.00657377534918482	0.961899630443164	0.969947805579864	0.045134584448646	0.485704834885638	0.419253801099432	0.225481473060641	0.478580508177871	0.231989804620957
C:	0.194160400382766	0.140479459179431	0.145266687852399	0.128784850707485	0.632510960333356	0.0750708988128662	0.00247055121948931	0.00218569679358799	0.00379238770571734	0.00880921684771188	0.00572024124749378	0.146532759251379	0.128187087321698	0.179520751989028	0.195033755001553	0.137289492043214	0.219367366721845
G:	0.111451690713515	0.170194750265066	0.180539319762162	0.262018097192985	0.120238990673401	0.00249591576275687	0.990755781178951	0.00387086105268283	0.00233187258605258	0.000917169962958453	0.00583602495387946	0.781308965997548	0.338665631540387	0.27483252360718	0.334266890298173	0.161659354315536	0.227085466014809
T:	0.366532231183501	0.289344285766788	0.279704338297667	0.199907097435014	0.188447021560898	0.741683020467083	0.00322195174546139	0.00381978690022699	0.987301964359045	0.0283739827461653	0.0184959282187623	0.0270236903024277	0.0474424462522773	0.126392923304359	0.245217881639633	0.222470645463379	0.321557362642389
