Protein: Gata5	Seed k-mer: AGATATCA	Enrichment Score: 0.468875
A:	0.296955927893431	0.3639553039399	0.167365848920192	0.362044627335011	0.280069798089539	0.856103971116073	0.0632561792378335	0.916053367755923	0.0258964052664123	0.827706005478704	0.0483005989451622	0.0692448417775468	0.508319223560903	0.228736289596422	0.183598829463812	0.17496747955942	0.136842779660599
C:	0.225759478519085	0.287908644114766	0.35351326225829	0.255288888098128	0.0837169059737689	0.0683270418752002	0.0171868820487797	0.0359000221607172	0.0119638454927013	0.129092358586825	0.0295135932379604	0.824880630272124	0.0343837191740384	0.146771251535653	0.289338563585428	0.268425687811211	0.155950057843623
G:	0.366964348277855	0.178198585239353	0.235266167378919	0.159992734364591	0.491242600274428	0.0345035264566156	0.849623171049221	0.0394850366230204	0.054314143734145	0.0133513376844029	0.118867767700713	0.0227974058622485	0.109238681719339	0.436715817638724	0.157455226725304	0.275078385012698	0.346111391356367
T:	0.110320245309629	0.169937466705981	0.243854721442599	0.22267375020227	0.144970695662264	0.0410654605521112	0.0699337676641655	0.00856157346033946	0.907825605506741	0.0298502982500686	0.803318040116165	0.0830771220880807	0.348058375545719	0.187776641229201	0.369607380225456	0.281528447616671	0.36109577113941
