Protein:  Gata3-primary	Seed k-mer:  AGATAAGA	Enrichment Score: 0.495722823648938
A:	0.151571692815711	0.221834355479684	0.297769044193414	0.270098559855236	0.265471192119631	0.616582080884156	0.197317581066063	0.79825808486169	0.00319534952912971	0.991502948542971	0.00501472835065912	0.948394066330197	0.973108820823692	0.0403649408838406	0.73660807317151	0.415921027579891	0.37658183050316	0.137730611975759	0.324853193223267	0.462490324371427	0.380420191569942	0.22217841111595
C:	0.262752816331392	0.113385490200141	0.136927712736789	0.110415290875888	0.0902528113219993	0.0900909199910557	0.10754129184135	0.0469503719688021	0.00251585821812142	0.00274827666235941	0.00276441694562952	0.0089318608217268	0.00410018062644182	0.113905307010228	0.130523860264711	0.106101027340231	0.170927133089057	0.197150517886479	0.12274687968333	0.207310934484415	0.188971774152714	0.157872574729019
G:	0.258274905035889	0.275380353238234	0.134678210446086	0.27110593826938	0.223339760141656	0.171960358435853	0.406903968579327	0.00140605875352993	0.98970709970053	0.00261719426620002	0.00302609843212577	0.00134392136769277	0.00408064240664949	0.828184893785895	0.113464089396975	0.316613056376946	0.155571835157816	0.21105517979791	0.246106660924648	0.159391926690943	0.311990484701784	0.380485598424271
T:	0.327400585817008	0.389399801081941	0.430625032623711	0.348380210999496	0.420936236416713	0.121366640688934	0.28823715851326	0.153385484415977	0.00458169255221863	0.00313158052846932	0.989194756271586	0.0413301514803833	0.0187103561432171	0.0175448583200367	0.0194039771668034	0.161364888702931	0.296919201249967	0.454063690339852	0.306293266168756	0.170806814453215	0.11861754957556	0.23946341573076
