Protein:  Gata3-secondary	Seed k-mer:  AGAT..TATC	Enrichment Score: 0.48264067751591
A:	0.177640596706984	0.136643816780435	0.254262639598177	0.240415432502409	0.271040500571287	0.0954754087738889	0.500902019673611	0.0512211239821286	0.922409608982875	0.0307350074084708	0.24212034537158	0.106956232176546	0.152079230680145	0.839204649323091	0.0412041992470309	0.0518609229859038	0.383792637703257	0.381899067771917	0.0947919789021068	0.296132327571744	0.30199745362963	0.349481087237805
C:	0.319871950278477	0.182137020561419	0.244280179300402	0.207556837602049	0.214701541903857	0.320104180660866	0.142721576264879	0.0236979717473715	0.0275091895914682	0.0709031649120263	0.231991943126951	0.220470895063327	0.165829767095438	0.0515812107640198	0.0691469952205609	0.848176532144725	0.0168069106429018	0.215846372743283	0.358650516240751	0.181544770816134	0.254721977540851	0.270692672431124
G:	0.115137028664199	0.205872661981117	0.16520728814191	0.23749730029447	0.364394628856956	0.191738155383677	0.0265560521507555	0.89724521725545	0.0240583238450672	0.0242477793204502	0.225142748239288	0.283489641503858	0.135066047842887	0.0601192082527031	0.0708299749891435	0.0275992415811571	0.397469726878735	0.255907822844706	0.28090500661403	0.178432854202697	0.108566270534195	0.137507404717686
T:	0.387350424350341	0.475346500677029	0.33624989295951	0.314530429601072	0.1498633286679	0.392682255181568	0.329820351910754	0.0278356870150497	0.0260228775805892	0.874114048359053	0.300744963262182	0.389083231256269	0.547024954381529	0.0490949316601864	0.818818830543265	0.0723633032882138	0.201930724775107	0.146346736640094	0.265652498243113	0.343890047409425	0.334714298295325	0.242318835613386
