Protein: Gata6	Seed k-mer: AGATAAGA	Enrichment Score: 0.491225
A:	0.349779262843198	0.379506668656042	0.301569701311088	0.38334148610668	0.222789925327575	0.547714310588956	0.00358972107357917	0.990510548403546	0.00202341156299711	0.890934734588547	0.944094565588954	0.0347225251076557	0.515732883423101	0.386668012079669	0.210567917070771	0.219610140553617	0.267885237109074
C:	0.104806937040885	0.241360671800705	0.171595213636078	0.282970273217401	0.153120904874908	0.112442300676259	0.00112626189568995	0.00169923330691869	0.00558757327035536	0.00190841130155567	0.00603074258191088	0.215453012116685	0.239041103815426	0.116787203475869	0.133135883125996	0.214405401955732	0.223946265522864
G:	0.163844994317217	0.162995579431278	0.216294104625741	0.194813689725644	0.314811549709913	0.00404983578819524	0.990089859445331	0.00195713975549301	0.00229705521092531	0.00108083357735996	0.00995347288011969	0.721766924312137	0.204426485954843	0.252700606693502	0.175911664230208	0.172518105996794	0.338950480967121
T:	0.381568805798701	0.216137080111974	0.310540980427093	0.138874550950274	0.309277620087604	0.33579355294659	0.00519415758540025	0.00583307853404214	0.990091959955722	0.106076020532537	0.0399212189490153	0.0280575384635227	0.0407995268066307	0.243844177750959	0.480384535573024	0.393466351493857	0.169218016400941
