Protein: Gcm1	Seed k-mer: ATAGGGGA	Enrichment Score: 0.477575
A:	0.298360284626179	0.184299645185153	0.150631616427434	0.212569130734739	0.258171019602728	0.872370741639165	0.0115601519285019	0.888546215091524	0.071365352493578	0.0106570468781062	0.00449602133633187	0.0056454622449419	0.499894710036396	0.109409732586614	0.371763615486741	0.45020714224879	0.104224395861056
C:	0.124864928840929	0.17461719160416	0.435098682963459	0.220346774757132	0.316689142831233	0.05170333320847	0.0176715220534332	0.0429637769696799	0.00998162295762339	0.0149609902305669	0.00994130982819472	0.0102940436244647	0.152322217980078	0.346383955828245	0.0961816796074846	0.392208089691539	0.228466891608051
G:	0.240783052041331	0.373392099087098	0.254062258194144	0.370970758259475	0.186896432220568	0.0707912362238046	0.00974648864772653	0.0617580753899475	0.801504821716069	0.949285828707523	0.97838056019994	0.972682109072685	0.335875323944902	0.380529062059147	0.457998629174618	0.0656863122590817	0.391472950013122
T:	0.335991734491562	0.267691064123589	0.160207442414963	0.196113336248654	0.238243405345471	0.00513468892856083	0.961021837370338	0.00673193254884886	0.117148202832729	0.0250961341838044	0.00718210863553357	0.0113783850579088	0.0119077480386241	0.163677249525994	0.0740560757311557	0.0918984558005887	0.275835762517771
