Protein: Gcm1	Seed k-mer: ACCCGCAT	Enrichment Score: 0.4973
A:	0.251681069561104	0.323865334035595	0.30808401815191	0.280609245904245	0.734440750185428	0.00618734015673875	0.00581932973061003	0.0438380468490952	0.022607053473383	0.000424429057850403	0.980773576159872	0.00910016354025402	0.247510191439521	0.279511388484175	0.264450556636199	0.227607268597394
C:	0.208273402702388	0.334303016731432	0.277004132087553	0.171416370918603	0.0312568938223699	0.990281178704857	0.990856180865086	0.936501694946557	0.0580373338758138	0.787011369867347	0.00288441092022943	0.110309548705244	0.310538585563303	0.211997744589979	0.270002412100532	0.212076090129562
G:	0.178525465436638	0.205542325777833	0.326202749970933	0.168917658130222	0.211473133565692	0.00105171497537268	0.00149812379283634	0.00155026626298767	0.901005335985791	0.0265471738971797	0.0112881371476514	0.067398640215239	0.250093336065814	0.250716948230666	0.142605610458404	0.267214464049444
T:	0.36152006229987	0.13628932345514	0.0887090997896037	0.37905672504693	0.0228292224265097	0.00247976616303172	0.00182636561146783	0.0181099919413597	0.0183502766650118	0.186017027177623	0.00505387577224699	0.813191647539263	0.191857886931362	0.25777391869518	0.322941420804866	0.2931021772236
