Protein: Glis2	Seed k-mer: GACCCCCC	Enrichment Score: 0.49373
A:	0.135894501089097	0.379293665377262	0.331057708336581	0.238324882269389	0.0148118191614497	0.826050285540915	0.0136573278872073	0.0119507136570614	0.0155601500677572	0.0102952107808408	0.0871679431847061	0.0989367580544513	0.492578861460814	0.160142341483924	0.484857725169968	0.266099920145645
C:	0.314811036811128	0.148356343133425	0.171563271145293	0.268939569959337	0.0728440734269993	0.10755876582465	0.965452004450519	0.97570380874769	0.961675915489164	0.971668417623052	0.805494680547992	0.760880282916825	0.177016614863703	0.327745470560567	0.0868300408373696	0.0868675918437407
G:	0.129804359209968	0.125349378027639	0.156431479243437	0.259195386807067	0.774495627902333	0.058965261548041	0.00827268971253871	0.00721042291556701	0.00402838270733288	0.00361788592552622	0.00211774155871211	0.0100172636139655	0.171719036686594	0.192169540721566	0.273851701667064	0.363661474723001
T:	0.419490102889806	0.347000613461673	0.340947541274688	0.233540160964207	0.137848479509219	0.00742568708639397	0.0126179779497352	0.00513505467968178	0.0187355517357463	0.0144184856705807	0.10521963470859	0.130165695414758	0.158685486988889	0.319942647233943	0.154460532325598	0.283371013287613
