Protein: Glis2	Seed k-mer: TATTA..AAA	Enrichment Score: 0.41923
A:	0.365754619760466	0.343299407173213	0.060678740322344	0.713491287041738	0.174542155020481	0.0970262867149638	0.710084071636598	0.369668653279851	0.181161548700691	0.7103075955177	0.679811938701058	0.705700419598604	0.217869106188728	0.412095106912456
C:	0.22578180422754	0.160876466891729	0.0720384060088542	0.0633502876213121	0.0880945132460679	0.0850268208808856	0.072722936094092	0.182092059398416	0.145491237836238	0.0674072228705173	0.0582283690128381	0.167070178818269	0.162330963963293	0.213864676100769
G:	0.0918707684837937	0.206970590293001	0.0923078851174174	0.137042362060149	0.0947438156190423	0.139474528872432	0.128873361339213	0.12749989228392	0.0936885553257558	0.0546475897042765	0.0897733780767608	0.0338928988941205	0.460989295943543	0.22017435641817
T:	0.316592807528201	0.288853535642058	0.774974968551384	0.0861160632768002	0.642619516114408	0.678472363531718	0.0883196309300972	0.320739395037813	0.579658658137315	0.167637591907506	0.172186314209343	0.0933365026890068	0.158810633904437	0.153865860568606
