Protein: Gm397	Seed k-mer: GCACACAC	Enrichment Score: 0.497735
A:	0.360404136504798	0.286498486964349	0.347031672201121	0.33706153621743	0.108793331629639	0.0151509374784896	0.972117454244127	0.0101439045808725	0.974863897293931	0.0124413162346016	0.759619760206875	0.157234099992472	0.0500763853846787	0.131903450827721	0.367623482855176	0.35779829913014
C:	0.193218029300269	0.224597153417183	0.440548134514506	0.193658264294784	0.00572316217525081	0.973406380580087	0.0039148029311067	0.980911629277994	0.00753177703181779	0.93919458104093	0.106164490318811	0.818234094713275	0.0636078804832702	0.538163375304855	0.286526262236518	0.317606498797464
G:	0.248888244641647	0.426555215960134	0.0331610645641598	0.385750968861722	0.878299963294108	0.00932445528075055	0.0197828491263638	0.00310550689209439	0.0159135661826464	0.0292561511067733	0.073818841339779	0.00744894363486523	0.505171419886786	0.124608329961107	0.240930957690251	0.0977105589401761
T:	0.197489589553287	0.0623491436583346	0.179259128720213	0.0835292306260642	0.00718354290100168	0.00211822666067293	0.00418489369840233	0.00583895924903856	0.00169075949160504	0.0191079516176952	0.0603969081345347	0.0170828616593874	0.381144314245266	0.205324843906318	0.104919297218055	0.226884643132221
