Protein: Gm397	Seed k-mer: TGTGCACA	Enrichment Score: 0.49886
A:	0.248613534174111	0.332380698809103	0.253802461825646	0.577827150660126	0.180374482881626	0.00913139793449461	0.003307925595948	0.063906538417931	0.00128032481468288	0.959031861725312	0.00344996758123816	0.765509569582631	0.0264564319148803	0.589554797546671	0.265827758365709	0.209015360579283	0.224283122231297
C:	0.321010093520872	0.190810332880442	0.11933750397416	0.100883663756582	0.0111743606526799	0.0249962950798889	0.034730693229047	0.0010991838266305	0.933713952940756	0.00292951944969305	0.962422339404378	0.0429415868830629	0.25635561902962	0.285548031423681	0.529812594366035	0.104816932263249	0.292805085770412
G:	0.201722501921929	0.184853568009916	0.331394143892313	0.130065955013834	0.0429415868830629	0.962422339404378	0.00292951944969305	0.933713952940756	0.0010991838266305	0.034730693229047	0.0249962950798889	0.0111743606526799	0.1306722619075	0.0368635440159088	0.0319147737596116	0.374275255198136	0.144269910905554
T:	0.228653870383088	0.291955400300539	0.29546589030788	0.191223230569458	0.765509569582631	0.00344996758123816	0.959031861725312	0.00128032481468288	0.063906538417931	0.003307925595948	0.00913139793449461	0.180374482881626	0.586515687147999	0.0880336270137389	0.172444873508644	0.311892451959332	0.338641881092737
