Protein: Gmeb1	Seed k-mer: TTACGTAA	Enrichment Score: 0.49378
A:	0.166568766856209	0.33559928597741	0.105350177962422	0.131273546627942	0.125569694828312	0.0498787196364293	0.705097892800264	0.00353499698110437	0.00520656319656203	0.000943111026442243	0.585844348025307	0.397241839240913	0.20685699747934	0.435956762345371	0.176103786632641	0.272101580475796	0.237402122772389
C:	0.264627108388554	0.314450610927775	0.231838574306408	0.215623354635515	0.0723405433039333	0.0391102710274104	0.009201616401007	0.986983062531775	0.0042753772905585	0.284757379772287	0.325166661310853	0.404847922626842	0.234554986714772	0.145114819741633	0.260126809366949	0.213365385159242	0.250981758957196
G:	0.345569142484832	0.153335527947911	0.348017956536648	0.291288121053264	0.404847922626842	0.325166661310853	0.284757379772287	0.0042753772905585	0.986983062531775	0.009201616401007	0.0391102710274104	0.0723405433039333	0.371730556802614	0.181032594493967	0.230769700644802	0.312031811553531	0.266976765334794
T:	0.223234982270405	0.196614575146903	0.314793291194522	0.361814977683279	0.397241839240913	0.585844348025307	0.000943111026442243	0.00520656319656203	0.00353499698110437	0.705097892800264	0.0498787196364293	0.125569694828312	0.186857459003274	0.237895823419029	0.332999703355608	0.202501222811432	0.244639352935621
