Protein: Gmeb1	Seed k-mer: CGACGTCG	Enrichment Score: 0.48007
A:	0.171801268021359	0.146596658867561	0.247220107940536	0.119276597932449	0.227546273197179	0.27129000948291	0.693351081732599	0.0414592676270053	0.0202975405086965	0.118843753078466	0.0631838168220354	0.0911247201997123	0.122588689281357	0.103039017771895	0.375945452081216	0.429988760669549
C:	0.139044669546891	0.118316133720996	0.191958250197233	0.232190913824341	0.664337925307098	0.146818938031769	0.120941898623978	0.895990133603803	0.0422530582604952	0.0668632665649568	0.518707235663286	0.0169910812960098	0.186958929807665	0.27471909730558	0.28903990386458	0.189119885668972
G:	0.265726262551171	0.577770295308537	0.432934963748745	0.39478558232841	0.0169910812960097	0.518707235663286	0.0668632665649568	0.0422530582604952	0.895990133603803	0.120941898623978	0.146818938031769	0.664337925307098	0.078274324956417	0.113320329609324	0.127861454685645	0.110126757054164
T:	0.423427799880579	0.157316912102905	0.127886678113486	0.253746905914801	0.0911247201997123	0.0631838168220354	0.118843753078466	0.0202975405086965	0.0414592676270053	0.693351081732599	0.27129000948291	0.22754627319718	0.612178055954561	0.508921555313201	0.207153189368559	0.270764596607315
