Protein: Hbp1	Seed k-mer: CCATTGT..A	Enrichment Score: 0.44402
A:	0.313621072713724	0.262643747214879	0.175847525657349	0.0459101875267076	0.0932347385897702	0.0955523262523365	0.0582269816610627	0.897368191467159	0.0438261569599661	0.0442681963852767	0.10220794432023	0.0584039199844387	0.303689067095189	0.258633368307531	0.564761329559124	0.104737719291488	0.267449913481465
C:	0.149048726495976	0.147615565305141	0.137857420039903	0.36410670010405	0.718630117102242	0.724866096076982	0.785149006035502	0.0237353665454652	0.0417503982211077	0.0135565092452604	0.0260048375209093	0.0461176465871734	0.280676428919677	0.262176638517944	0.122465698523131	0.358061213660098	0.230098618431283
G:	0.200898668744315	0.334882112621581	0.292272269984703	0.180535236073005	0.0935161004040956	0.0445888839393306	0.02981425466617	0.0190641039042269	0.0207312431193961	0.0146887910263701	0.709573384994752	0.135257259067861	0.320259042838312	0.197029415014597	0.194691053069897	0.310533401912668	0.197858859064097
T:	0.336431532045984	0.254858574858399	0.394022784318045	0.409447876296237	0.094619043903892	0.13499269373135	0.126809757637266	0.0598323380831487	0.89369220169953	0.927486503343093	0.162213833164109	0.760221174360527	0.0953754611468223	0.282160578159928	0.118081918847848	0.226667665135746	0.304592609023155
