Protein: Hbp1	Seed k-mer: TGAATGAA	Enrichment Score: 0.49531
A:	0.348694325536972	0.241477290922849	0.299529777460048	0.413829055386228	0.0326440760864426	0.0210908772309499	0.969224124264541	0.969063328445689	0.0131035446977602	0.00548515380145637	0.75749440209007	0.865657557737782	0.110535378140111	0.186321885845462	0.366489701614081	0.216146097623195
C:	0.177225380312533	0.301470046385822	0.177309592970656	0.141413914611358	0.0179681863925271	0.330698779281063	0.00191439618896462	0.00348513863146639	0.00352264285513414	0.0202439561314424	0.00261730550275194	0.0392062558890059	0.114878962138643	0.154539698997279	0.152622480135541	0.26130893265184
G:	0.158976712160228	0.225251639988031	0.188698875257437	0.102783882174181	0.00457671312321269	0.642562990947936	0.005955849773737	0.00339799267199781	0.00284220391156078	0.932599315283645	0.231695389791231	0.0730389189269542	0.0436202771149818	0.442471383171499	0.256687823382802	0.238703282105194
T:	0.315103581990268	0.231801022703298	0.334461754311859	0.341973147828232	0.944811024397818	0.00564735254005134	0.0229056297727574	0.0240535402508471	0.980531608535545	0.041671574783456	0.00819290261594727	0.0220972674462577	0.730965382606263	0.21666703198576	0.224199994867577	0.283841687619771
