Protein: Hic1	Seed k-mer: GTGCCCAA	Enrichment Score: 0.487735
A:	0.204897874897343	0.112945913230244	0.205232315604922	0.242063126030163	0.312921551025571	0.00675352468752789	0.127589016392269	0.0100455533423129	0.0102624745327377	0.0151223885146539	0.556510660673005	0.58645892034666	0.297709845125996	0.303201578697961	0.279337565766586	0.266477103035305
C:	0.149950753888391	0.243699644851954	0.182318733390399	0.152490781903701	0.0285229180559956	0.0111778028895601	0.00556162725116544	0.974694231021875	0.97476940344729	0.966101419772803	0.167389239492947	0.0447861896647228	0.194665672171834	0.25080943853057	0.160655267373581	0.266890093054894
G:	0.363373255563378	0.437937553554237	0.383143496346029	0.296425994376723	0.585026257014466	0.00534573473982521	0.859435540116235	0.00700073964228847	0.00606887782492648	0.00796962805020938	0.114634750142418	0.0734502749979671	0.223655324517526	0.206474647119874	0.314457267246382	0.299970355686276
T:	0.281778115650889	0.205416888363565	0.22930545465865	0.309020097689413	0.0735292739039672	0.976722937683087	0.00741381624033058	0.00825947599352394	0.00889924419504614	0.0108065636623336	0.161465349691631	0.295304614990651	0.283969158184644	0.239514335651594	0.245549899613451	0.166662448223524
