Protein: Hic1	Seed k-mer: ATGCCA.CC	Enrichment Score: 0.49801
A:	0.2752071165809	0.135064246282642	0.145658589169038	0.656519056903772	0.00226499308241757	0.0418733705985873	0.00130551060523905	0.00197831970448536	0.921031777705037	0.582027364900139	0.00599025897564052	0.0273740339749871	0.203510085856749	0.402252699547531	0.20120126991122	0.241094098919118
C:	0.211374939882425	0.327571435857793	0.242586431078853	0.00971214347213005	0.00475485402566559	0.00112759896285182	0.974833528206637	0.992066032057098	0.0723878828148734	0.211693940233752	0.927449539126281	0.799878575295505	0.191263215579811	0.154087334035405	0.414412456297076	0.332661254970953
G:	0.250276687437895	0.217556292614213	0.267178691961949	0.315173854411255	0.0016556488560358	0.955340373987385	0.0222154754500661	0.0026384902368037	0.00123659740789628	0.115736288088923	0.0283062416107432	0.0536672800126871	0.168997220892226	0.291345833237507	0.145329799984595	0.143464019251261
T:	0.26314125609878	0.319808025245352	0.34457628779016	0.0185949452128421	0.991324504035881	0.00165865645117629	0.00164548573805761	0.00331715800161292	0.00534374207219352	0.0905424067771862	0.0382539602873358	0.119080110716821	0.436229477671214	0.152314133179557	0.239056473807109	0.282780626858668
