Protein: Hnf4a	Seed k-mer: AAAGTCCA	Enrichment Score: 0.496885
A:	0.13168017977271	0.109909644029677	0.196671054741601	0.31108576889998	0.895154980017407	0.7796289778504	0.950546286743402	0.00476875002214388	0.00445807318117297	0.0167888807351047	0.00246773197672283	0.89144758183473	0.51332951787897	0.179370575439383	0.285826390522224	0.319407498102598
C:	0.16994864041502	0.144258272913707	0.411335316688147	0.307077323927737	0.0132384069571698	0.0183988949892728	0.00264874721353283	0.00264568722447114	0.00211688294624954	0.969625852192376	0.982852189215617	0.00319266394965423	0.30897149245762	0.115513905506156	0.277536358881562	0.227782946829907
G:	0.346276880841726	0.373681445000721	0.1596890085733	0.122332154064988	0.0388735868579323	0.171268910609053	0.0418245443864547	0.985847021160389	0.0120111677920243	0.00388993703280996	0.00475419074931884	0.0975483584996916	0.0704668310744328	0.130898303035051	0.166982316082889	0.129019707539324
T:	0.352094298970543	0.372150638055895	0.232304619996952	0.259504753107295	0.052733026167491	0.0307032165512748	0.00498042165661063	0.0067385415929955	0.981413876080553	0.00969533003970958	0.00992588805834175	0.00781139571592455	0.107232158588977	0.57421721601941	0.269654934513324	0.32378984752817
