Protein: Hnf4a	Seed k-mer: GGGGTCAA	Enrichment Score: 0.49471
A:	0.223704284568955	0.198683188509161	0.150011630949619	0.274895575035383	0.438853311415507	0.133937209791355	0.141462255847729	0.00346426964365315	0.00438751899845065	0.0038082485556725	0.00199210517431776	0.881237126610068	0.735040910483831	0.164419460214352	0.228284982332253	0.233406716821336	0.320479294542274
C:	0.280687538071032	0.190980737097424	0.319578619572677	0.302572335259583	0.331148135430168	0.0273417459093423	0.00233616899225244	0.000753488197828448	0.000692117005104331	0.0016048472570486	0.976605073683284	0.0899811163832527	0.106591839048191	0.315517949501524	0.176364376138301	0.193567068465269	0.312565588903807
G:	0.251889151644562	0.267970316647045	0.206062929527212	0.238597486174572	0.0211861574820106	0.832490260322814	0.854359047095077	0.987433451715677	0.884493878215171	0.0167930321264311	0.00373878758528291	0.0260174584628164	0.0832603243770652	0.181030585879529	0.157582797192342	0.327075553227632	0.195700835766799
T:	0.243719025715452	0.34236575774637	0.324346819950492	0.183934603530463	0.208812395672315	0.00623078397648885	0.0018425280649413	0.00834879044284192	0.110426485781274	0.977793872060848	0.0176640335571158	0.00276429854386223	0.0751069260909122	0.339032004404594	0.437767844337104	0.245950661485762	0.171254280787119
