Protein: Hoxa3	Seed k-mer: G.G.TAATTA	Enrichment Score: 0.49408
A:	0.234161045227237	0.13218268510215	0.120195705238229	0.428615962781949	0.20631563352085	0.117079124381256	0.00662625943935998	0.935976615068193	0.991403088842464	0.00240264353898482	0.00235586554460758	0.95729701344531	0.428325562260806	0.113728851741493
C:	0.193620563743436	0.239153340906627	0.180356063581156	0.206347424724455	0.100256815123275	0.290576744115932	0.0533638548811845	0.0575126454085282	0.00261632438343764	0.00224744038439303	0.00258605040240324	0.00062864287518521	0.191215574113824	0.45865733909809
G:	0.229084673874436	0.322013807767775	0.536193758478668	0.12998973662419	0.551063193272411	0.338279527278068	0.000810223710079809	0.0046874112949768	0.00215731817960879	0.00401101951302456	0.0484174610410819	0.0374298896857226	0.334555673501262	0.164712135710617
T:	0.343133717154891	0.306650166223449	0.163254472701947	0.235046875869406	0.142364358083464	0.254064604224743	0.939199661969376	0.00182332822830191	0.00382326859448927	0.991338896563598	0.946640623011907	0.00464445399378258	0.045903190124109	0.2629016734498
