Protein: Hoxa3	Seed k-mer: AA.C.ATTAA	Enrichment Score: 0.47968
A:	0.572343035556636	0.512592684176598	0.546595950025836	0.58982567409383	0.319034488216068	0.146380289396346	0.0170317841799206	0.857243550289293	0.0459360444429946	0.0862268376448055	0.861782138377282	0.482195442302593	0.145929205372069	0.260607859789807
C:	0.138397919962207	0.213364820528426	0.05442227164028	0.150165879583152	0.184449008987703	0.745364773737216	0.33718218596548	0.0729300179032176	0.0166926792161837	0.0840299371496177	0.0238314631244925	0.050840611726277	0.280337465782869	0.14258733521997
G:	0.159999151095493	0.0715011530608918	0.269983427422088	0.0647340345039854	0.187277752871689	0.0963104963697365	0.319090413070754	0.0372729617493152	0.0155585600510404	0.00991487717849427	0.0219718616155648	0.322777195827876	0.423628208480507	0.483903919018319
T:	0.129259893385665	0.202541342234085	0.128998350911796	0.195274411819033	0.30923874992454	0.0119444404967008	0.326695616783846	0.0325534700581743	0.921812716289781	0.819828348027083	0.0924145368826608	0.144186750143254	0.150105120364555	0.112900885971904
