Protein: IRC900814	Seed k-mer: ACGACAAA	Enrichment Score: 0.49388
A:	0.36559373557684	0.273874103544444	0.161547182903295	0.0840029270890946	0.953704875279863	0.00349391540001531	0.00472205210926509	0.939827591485907	0.183997501966613	0.917563954358455	0.965451748098814	0.730610844228156	0.266519114941427	0.329951791555094	0.250219545547209	0.172310792497548
C:	0.139520219477762	0.192800399720091	0.330331625926962	0.205596359971248	0.0163669031546994	0.989648234475129	0.0031558997886526	0.00192508810404698	0.760395543111743	0.00366091678681695	0.00655891591453468	0.0543689433173187	0.133800719975458	0.210902954083685	0.19795407133924	0.401217508492943
G:	0.170473907399366	0.25045312335892	0.0984276391099213	0.0981908825241778	0.00631438919103595	0.00327775999890727	0.988804696974245	0.0521508626259106	0.0308448244279097	0.0654382907887932	0.0051827249418976	0.00657623435642746	0.0674181818076549	0.220319469516512	0.314201581030259	0.189340348604319
T:	0.324412137546032	0.282872373376545	0.409693552059822	0.61220983041548	0.0236138323744016	0.00358009012594819	0.00331735112783719	0.00609645778413525	0.0247621304937341	0.0133368380659351	0.0228066110447543	0.208443978098098	0.53226198327546	0.23882578484471	0.237624802083292	0.237131350405191
