Protein: Irf3	Seed k-mer: AGAAAGG..C	Enrichment Score: 0.462805
A:	0.236564586712149	0.197737296447104	0.598309181796851	0.212136229570875	0.747143687927959	0.766824536209713	0.479461928468923	0.0646254891266184	0.0580337208128221	0.270071546945207	0.0638672420416772	0.0473516117812653	0.266737119845261	0.381078535635948
C:	0.149020313582308	0.139048359082098	0.0899627658052024	0.0552960410271202	0.0271838395069201	0.0512376003572714	0.0857425105575362	0.107366356095086	0.074096196233567	0.0887137920089251	0.384542549671223	0.597209681925573	0.15006346746941	0.204426622341778
G:	0.414810647541439	0.436763623351043	0.124244651423281	0.648271588921951	0.0477889113605609	0.039008367029908	0.175517001238708	0.753079212622898	0.820936527885196	0.217157700875943	0.418513740997926	0.16777018112198	0.382263891459544	0.218491540426112
T:	0.199604452164104	0.226450721119755	0.187483400974665	0.0842961404800536	0.17788356120456	0.142929496403107	0.259278559734832	0.0749289421553972	0.0469335550684149	0.424056960169925	0.133076467289173	0.187668525171182	0.200935521225784	0.196003301596161
