Protein: Irf3	Seed k-mer: GAA..GAAAC	Enrichment Score: 0.49067
A:	0.176409319801909	0.502019946972785	0.442555127880396	0.761211936796488	0.805275406687869	0.306986110373959	0.0456613851043031	0.0528972126597937	0.791051567264143	0.849280372564338	0.887586650094462	0.0497121107876962	0.0999370317273722	0.289223034087271
C:	0.242439850683303	0.0993094160608089	0.0244654133004062	0.0243229022189987	0.0320503311680896	0.318921532837423	0.483190731752582	0.0147016472386852	0.0976400639724352	0.0235424534499441	0.0507500373768825	0.77747523179799	0.395543819466437	0.151078512500529
G:	0.340974377715648	0.23848157427468	0.491526807844451	0.0875558303545562	0.0230007500337439	0.104690716699891	0.430147242823378	0.925452124198862	0.0965442282187228	0.0110972149370514	0.00669653908287809	0.123539597245376	0.0904818851241546	0.413873465036099
T:	0.240176451799141	0.160189062691726	0.0414526509747461	0.126909330629957	0.139673512110297	0.269401640088726	0.0410006403197368	0.00694901590265889	0.0147641405446992	0.116079959048666	0.0549667734457775	0.0492730601689382	0.414037263682036	0.145824988376101
