Protein: Irf4	Seed k-mer: A.CGAAACC	Enrichment Score: 0.49621
A:	0.302723364534109	0.263298095050779	0.314007226538674	0.657942656145041	0.175124952624471	0.0148657931473803	0.0122521423812571	0.985641712809841	0.933526058082206	0.988146280762407	0.021770618822327	0.0293054137385274	0.396868693705699	0.32686544178223	0.506287260211765
C:	0.39030863741504	0.109752626002678	0.0799428584023349	0.0424070294919676	0.281452442239589	0.891988231205781	0.001770869106307	0.00624841860958784	0.00210881818977785	0.00343588050370961	0.945675008209501	0.568907504889654	0.133806585407825	0.278881764991106	0.142987808896275
G:	0.162248202478886	0.466266233015073	0.170722237807508	0.0548219542860834	0.0694221257703115	0.00548864762154174	0.982932682314718	0.00537914352404419	0.00314277633402024	0.00166911231050295	0.026522349484682	0.0179080567604529	0.32414642174722	0.198196348527127	0.165503260824288
T:	0.144719795571965	0.16068304593147	0.435327677251483	0.244828360076908	0.474000479365628	0.0876573280252974	0.00304430619771806	0.00273072505652664	0.061222347393996	0.00674872642338022	0.00603202348348961	0.383879024611366	0.145178299139256	0.196056444699536	0.185221670067672
