Protein: Irf4	Seed k-mer: A.TCTCGGT	Enrichment Score: 0.465
A:	0.288100957020763	0.187624715823856	0.175229813889056	0.56451855907774	0.150411583305189	0.0349073979733575	0.0417764115033835	0.0462100133798316	0.0317644718275571	0.191755253585811	0.206291077985538	0.311510704582432	0.205100883418385	0.243888449306946	0.16798041508285
C:	0.247588327861483	0.276525276718755	0.300094397398927	0.107594351784781	0.310868200723391	0.0155051177317841	0.885897251868506	0.168474478216087	0.913320767869464	0.0290569695616939	0.0971002182434169	0.0374352277676007	0.316738005680401	0.196472898849387	0.404607970261932
G:	0.28746089950482	0.352820430691569	0.203295339794826	0.098017781800994	0.0549600062047758	0.0348427182803871	0.0323094433429976	0.0666131763379376	0.0244781935770262	0.754997517305522	0.623727321280675	0.173100717589714	0.0816282778476675	0.292453138002316	0.259107004170927
T:	0.176849815612934	0.18302957676582	0.32138044891719	0.229869307336485	0.483760209766644	0.914744766014471	0.0400168932851127	0.718702332066144	0.0304365667259525	0.0241902595469733	0.0728813824903703	0.477953350060253	0.396532833053546	0.267185513841351	0.168304610484291
