Protein: Irf5	Seed k-mer: A.CGAAACC	Enrichment Score: 0.497635
A:	0.337547853604053	0.279949580184396	0.357303933715142	0.499782326192257	0.832538278890385	0.144788424754711	0.0160345160065076	0.0142077667803684	0.985571672593666	0.894404044591179	0.991307077748928	0.011142862906912	0.0164678353212307	0.462373188825547	0.392684732661074
C:	0.193687941952804	0.185928277367453	0.160203388318832	0.0695694801204812	0.022992107747251	0.434768796223763	0.943520068879984	0.00171291600592467	0.00427431692357651	0.00144002450836567	0.0027061130671839	0.973529198693041	0.532172776593725	0.120288051117985	0.223864705610417
G:	0.194038995567817	0.199500690827102	0.278768049558611	0.166858370665811	0.0852869315774729	0.0405950311157454	0.00337853418200366	0.982579071202738	0.00872201177944127	0.00758487243940598	0.00199271185176902	0.01324109254882	0.00962079735092682	0.237125548019287	0.22969742823636
T:	0.274725208875327	0.33462145162105	0.203724628407414	0.26378982302145	0.0591826817848908	0.379847747905781	0.0370668809315044	0.00150024601096843	0.00143199870331652	0.0965710584610496	0.00399409733211904	0.00208684585122694	0.441738590734117	0.18021321203718	0.15375313349215
