Protein: Irf5	Seed k-mer: A.CGAGAAT	Enrichment Score: 0.47877
A:	0.160739122901942	0.231002537936773	0.28225994366983	0.746028987658369	0.169536349760782	0.0865760693043698	0.0212795618440554	0.930475841190673	0.00212580386706426	0.959482600741697	0.495380303042686	0.145963728889891	0.200379066252328	0.171996233108555	0.208280715829158
C:	0.237731585806526	0.18680434898688	0.197034385522213	0.0556301980313784	0.340063210558303	0.827589349034073	0.0129382885663876	0.0137810883260419	0.0381706115052649	0.0098714449495092	0.0289461962122801	0.186197717487214	0.206353510712716	0.390086218093931	0.322627837683837
G:	0.225630459355392	0.122025734272291	0.288736580517265	0.0834265060638464	0.148794207053305	0.0349855352052079	0.955490359015557	0.0477978221744549	0.948133689911737	0.0154620372773833	0.408359952646077	0.0310720420826685	0.151807349438085	0.220849906767612	0.291770607591773
T:	0.375898831936141	0.460167378804056	0.231969090290692	0.114914308246407	0.34160623262761	0.0508490464563496	0.0102917905740005	0.00794524830883041	0.0115698947159345	0.0151839170314104	0.0673135480989566	0.636766511540227	0.441460073596872	0.217067642029902	0.177320838895232
