Protein: Irf6	Seed k-mer: A.TCTCGGT	Enrichment Score: 0.46546
A:	0.326255419392637	0.145620716852147	0.138750375709297	0.534193719115474	0.201823472676828	0.0314280283473351	0.0223888814779034	0.0422522944665254	0.0229050226216595	0.117305284418352	0.205872863429051	0.110208126831942	0.233549707336184	0.333805656354403	0.216422765895703
C:	0.256976141968317	0.315488674502416	0.396936861960182	0.121487574560679	0.589398091826309	0.0232209417162063	0.889379236498264	0.2959825836559	0.915186963772835	0.0610518753728793	0.113582221923096	0.0849066775376228	0.385054915572194	0.136130920608261	0.309360924410285
G:	0.231004731256006	0.266193010026159	0.20518531279273	0.0841784394711985	0.0866242413853179	0.0660482615565385	0.0491650985364422	0.0852342756294989	0.0215694718872452	0.716357750096008	0.609302718964143	0.274227634643182	0.150707969064777	0.311600157934336	0.281144528245146
T:	0.18576370738304	0.272697598619279	0.259127449537791	0.260140266852648	0.122154194111544	0.87930276837992	0.0390667834873908	0.576530846248076	0.0403385417182599	0.105285090112761	0.0712421956837101	0.530657560987254	0.230687408026845	0.218463265103	0.193071781448866
