Protein: Irf6	Seed k-mer: A.CGAAACC	Enrichment Score: 0.494055
A:	0.256713677699842	0.312940849570124	0.255032658144591	0.667588056720897	0.199949577341919	0.029852519710505	0.0196209416117534	0.983875168564792	0.698670549268052	0.990096695469982	0.00890472506899317	0.0220917188135122	0.53810861527764	0.456841026987511	0.372926435589972	0.217155068081133	0.277629676258828
C:	0.363079935289765	0.135162343114351	0.128822804329787	0.0539326310281732	0.339707066176461	0.90851443686416	0.00223067458990628	0.00531988122445327	0.00274077559795163	0.00360935010796496	0.975208048394555	0.611448202131195	0.125312876654943	0.205124231680842	0.189134324209538	0.198026888788685	0.187848921080172
G:	0.149402514243791	0.190389379512867	0.354898038391558	0.205778018736331	0.114444565404186	0.00638329529521061	0.976266261532362	0.00863853137809656	0.00672495391074516	0.00304677360635993	0.0114947426364336	0.018827637913069	0.24151511771448	0.177212972188695	0.195746623503857	0.300393028678063	0.237049426976145
T:	0.230803872766603	0.361507427802658	0.261246499134064	0.0727012935145994	0.345898791077434	0.0552497481301245	0.00188212226597824	0.00216641883265768	0.291863721223251	0.00324718081569311	0.00439248390001824	0.347632441142223	0.095063390352936	0.160821769142952	0.242192616696633	0.28442501445212	0.297471975684855
