Protein: Isgf3g	Seed k-mer: AA.CGAAAC	Enrichment Score: 0.496915
A:	0.276786036010725	0.396362315374191	0.461283730083217	0.775091494814275	0.86074159574571	0.318035136548214	0.0319891964579665	0.0387410143238978	0.961581160288131	0.943392138567485	0.964748448721265	0.0294009436942123	0.0345723226431112	0.370120781963471	0.803709754578663
C:	0.305434976351543	0.114731031553661	0.0920469013199356	0.0197025937424668	0.0328267984490109	0.134939763956319	0.819436396091903	0.00530852561780954	0.0184936898477976	0.00422295918688446	0.0107889135663729	0.875793637606721	0.294927789800653	0.165750469722932	0.0725097973637114
G:	0.21302611054723	0.248667139395911	0.334733866253738	0.0570745277898631	0.0208783782045513	0.114054182799957	0.0315292051097878	0.945955531911954	0.0134007904898932	0.00786852139898886	0.00372726933763613	0.0798688742684217	0.0122008935752004	0.227885961243727	0.0545192152541151
T:	0.204752877090502	0.240239513676237	0.111935502343109	0.148131383653395	0.0855532276007279	0.43297091669551	0.117045202340343	0.00999492814633844	0.00652435937417777	0.0445163808466421	0.0207353683747265	0.0149365444306452	0.658298993981035	0.236242787069871	0.0692612328035108
