Protein: Isgf3g	Seed k-mer: AAAACA..AC	Enrichment Score: 0.41437
A:	0.113634833033625	0.215680738312084	0.531585633367769	0.60149443195067	0.788610650090694	0.784813079966235	0.118471193068064	0.641796207399861	0.107452212240918	0.212127148436329	0.640973047888909	0.18701939894762	0.19136291847905	0.391150614517055
C:	0.178865885490862	0.349718258660543	0.135115303916833	0.0559398965578267	0.0505821789180688	0.0265110684546579	0.585008466606906	0.065006988929418	0.258361164951442	0.0711168193921505	0.0898185167293496	0.539213147411768	0.237319447608517	0.109943510342478
G:	0.482345366400791	0.322425358658947	0.158779278230597	0.147263543971729	0.0741534898054018	0.113351663196387	0.227919233031761	0.107889774721455	0.305974532741067	0.296501187413809	0.0889091812878845	0.126990435250576	0.178281326734551	0.276261700326986
T:	0.225153915074723	0.112175644368426	0.174519784484802	0.195302127519774	0.0866536811858352	0.0753241883827207	0.068601107293269	0.185307028949265	0.328212090066573	0.420254844757711	0.180299254093857	0.146777018390036	0.393036307177882	0.222644174813482
