Protein: Jundm2	Seed k-mer: TGACGTCA	Enrichment Score: 0.49928
A:	0.213022944829602	0.126877970647428	0.127926654829235	0.572671175099785	0.00456875272148532	0.0045937887799069	0.966547813803434	0.00163621878080331	0.0938339924069189	0.0202504509723419	0.150956395560968	0.976981200026738	0.00650829013128299	0.170728142928531	0.255965593287056	0.228601289096513
C:	0.312553218883206	0.453780353966275	0.138541496835115	0.136079072076054	0.0152353552349606	0.00802401712492277	0.0032548932691222	0.899649643182226	0.00488014563005191	0.00994684195510157	0.836425798534203	0.00321469201681628	0.32430781077216	0.554932716202036	0.170982868690448	0.267455904855222
G:	0.241727480693213	0.251405146731497	0.528636705987788	0.24210725653734	0.00321469201681628	0.836425798534203	0.00994684195510157	0.00488014563005191	0.899649643182226	0.0032548932691222	0.00802401712492277	0.0152353552349606	0.0401260897230168	0.116756884575081	0.4309097204505	0.166198791919726
T:	0.23269635559398	0.167936528654799	0.204895142347862	0.049142496286821	0.976981200026738	0.150956395560968	0.0202504509723419	0.0938339924069189	0.00163621878080331	0.966547813803434	0.0045937887799069	0.00456875272148532	0.62905780937354	0.157582256294352	0.142141817571996	0.337744014128539
