Protein: Jundm2	Seed k-mer: ATGAGTCA	Enrichment Score: 0.497885
A:	0.330781558894952	0.254083685689925	0.102715426808962	0.211089860506874	0.634391531134363	0.00458452595960245	0.00323473553904609	0.914015736755288	0.0113080503494688	0.00798571690143192	0.0438763549025018	0.985583161270613	0.0170354641603185	0.331411792953084	0.317623364035631	0.308376261603205
C:	0.277751341719704	0.133749555835248	0.138642200415784	0.115753741245488	0.0292425428270485	0.00679234996939553	0.00503554087058913	0.0690611762746566	0.444033186663139	0.00577017023056649	0.948119933664332	0.00341660148664661	0.521312656568975	0.414679277254059	0.218390410086394	0.291095119484478
G:	0.217248075876029	0.268027919350687	0.266735039852187	0.489452600479065	0.32572511591304	0.0045642209677164	0.896872741366529	0.00235448396176975	0.533843502542873	0.00325063182186829	0.00505350044408135	0.00805619001915856	0.0320526687754202	0.0978330161000488	0.235348295657231	0.19141217273015
T:	0.174219023509315	0.344138839124139	0.491907332923067	0.183703797768573	0.0106408101255479	0.984058903103286	0.0948569822238358	0.0145686030082855	0.0108152604445197	0.982993481046133	0.00295021098908489	0.00294404722358141	0.429599210495286	0.156075913692808	0.228637930220745	0.209116446182167
