Protein: Klf7	Seed k-mer: ATACGCCC	Enrichment Score: 0.49175
A:	0.386646363082093	0.421388451033948	0.257376653936816	0.061783086067161	0.610889149652047	0.181495752468992	0.75999781613798	0.00381595778791841	0.0371237433620206	0.00912397414573752	0.0070229468976939	0.00532798580373414	0.389804280937157	0.507764339711503	0.296268599169548	0.301339240626106	0.185149400969955
C:	0.259901862786254	0.207885037567869	0.193144958561806	0.371674574827739	0.00704743139901336	0.00715290602827969	0.222078360678018	0.977243858008386	0.00258157416973322	0.98216687187246	0.980091213334773	0.930742041509242	0.299794177021608	0.121280441922056	0.307462400851965	0.231087844230783	0.176068407899138
G:	0.253791029857714	0.231243446582327	0.314892841959743	0.214607494605581	0.106286751512107	0.0718241438323284	0.00570959362660237	0.00417491072100831	0.946042217969664	0.00506484969920906	0.00804429792827902	0.0028275874903289	0.0508766746853788	0.163196134778904	0.196229563505662	0.150226380924998	0.292944405878811
T:	0.0996607442739395	0.139483064815855	0.234585545541635	0.351934844499519	0.275776667436832	0.739527197670399	0.0122142295573995	0.0147652734826875	0.0142524644985823	0.00364430428259365	0.00484154183925448	0.0611023851966949	0.259524867355856	0.207759083587537	0.200039436472825	0.317346534218113	0.345837785252096
