Protein: Klf7	Seed k-mer: CCCCGCCC	Enrichment Score: 0.4962
A:	0.204514266066427	0.167187658425399	0.267330266621607	0.549385718646442	0.0507455254603918	0.0379053374442368	0.41035587258225	0.00952623110644983	0.204292069348444	0.00395492060363002	0.00426390686469035	0.00275843585814824	0.260331588785465	0.184798084090972	0.347536725276888	0.255280930006597
C:	0.198352913431213	0.296784583203065	0.148001401565462	0.0601673266179807	0.900012555839435	0.920331897459233	0.566702204928282	0.982353628744292	0.0010843969412077	0.988489654789864	0.988826461025976	0.929549115842946	0.421682995155926	0.247696619475236	0.197343504136066	0.166619642588689
G:	0.171218108493359	0.246082062021612	0.398674334530027	0.337100055345643	0.0221685863394287	0.00835976919999596	0.0162666001546599	0.00106031324630312	0.748567278144012	0.00282067314115623	0.00431144571970573	0.00124416571569682	0.0247202933291804	0.0852369408190637	0.139961112988484	0.242297333027014
T:	0.425914712009001	0.289945696349925	0.185993997282905	0.0533468993899345	0.0270733323607444	0.0334029958965343	0.00667532233480856	0.00705982690295537	0.0460562555663358	0.00473475146534984	0.00259818638962818	0.0664482825832086	0.293265122729429	0.482268355614728	0.315158657598561	0.3358020943777
