Protein: Lef1	Seed k-mer: ATCAATCA	Enrichment Score: 0.4762
A:	0.225774673466586	0.435547749836985	0.416749918819974	0.172866161678678	0.809227068091741	0.0392681910833852	0.0156146581177989	0.944803858946576	0.934860747613384	0.0269439112132431	0.108302818771903	0.679722737222587	0.239565233920398	0.0881145574432405	0.331032446183223	0.337037419966175
C:	0.266368289859568	0.0770110277384446	0.144725020422618	0.341069169518189	0.0214742137616699	0.0146760723217017	0.901755437184657	0.00685346678531633	0.0100963605668583	0.0203628373967994	0.713885103662895	0.0176612510100026	0.34555299276938	0.243857475876123	0.182799846386165	0.160372625224406
G:	0.393084708569306	0.232594942737713	0.322118754205446	0.390257494666056	0.010361188066351	0.0104550650414127	0.0394748345941009	0.00845056681904931	0.0377663833637322	0.0469179124559031	0.0105639221835764	0.275576653877365	0.186640659301897	0.204017744659421	0.110214563335644	0.185584351902915
T:	0.114772328104541	0.254846279686857	0.116406306551962	0.0958071741370777	0.158937530080238	0.9356006715535	0.043155070103443	0.0398921074490578	0.0172765084560256	0.905775338934054	0.167248155381625	0.0270393578900454	0.228241114008326	0.464010222021215	0.375953144094969	0.317005602906504
