Protein: Lef1	Seed k-mer: CTTTGATC	Enrichment Score: 0.497715
A:	0.281920300484858	0.325566297829771	0.290252768306271	0.0692862046776488	0.0700436001326926	0.00729547574586499	0.0155866286052086	0.00552742994122076	0.0245121810897785	0.00738372167573216	0.966438118030552	0.0822520668321315	0.0302545707790047	0.199466613962518	0.345445107986544	0.278106104952776	0.251833874037849
C:	0.214206948539187	0.151435201732324	0.145823740385154	0.404645330181674	0.621448235748675	0.90765717233772	0.0182729953081107	0.00588586893373396	0.00118926610827674	0.0252207805861634	0.000629572349268222	0.00117298977424451	0.677155038305305	0.118814855529528	0.169596642375624	0.150863966706484	0.339733243963216
G:	0.278076735928973	0.298796917454705	0.243443144723879	0.141614287189965	0.142646615214223	0.0381096979218624	0.000658304497869234	0.00190498698231179	0.00134379063571561	0.952270299156935	0.00269332949049125	0.00149525433589234	0.275323439485118	0.0568136819597908	0.216831042676398	0.17369344910265	0.219703379884685
T:	0.225796015046983	0.2242015829832	0.320480346584697	0.384454177950713	0.165861548904409	0.0469376539945525	0.965482071588811	0.986681714142734	0.972954762166229	0.015125198581169	0.0302389801296888	0.915079689057732	0.0172669514305721	0.624904848548164	0.268127206961433	0.39733647923809	0.18872950211425
