Protein: Mafb	Seed k-mer: TTGCA.AAA	Enrichment Score: 0.44456
A:	0.252281769843868	0.4148909064754	0.369812244522638	0.0819171779796101	0.0477589717376484	0.0473810490478419	0.0721584164944825	0.864498909696055	0.582375205192528	0.759129806121578	0.876128363577709	0.591028989671844	0.386455306889836	0.325395714253598	0.218805765062748
C:	0.32754141217296	0.181996818693222	0.192314753553666	0.10788035048853	0.100594559809957	0.0627718814085145	0.761629504897269	0.0332294898560584	0.0615455319711738	0.0692233038229971	0.0260796492530397	0.0380288565963566	0.121388797262609	0.158893189683918	0.187058707230182
G:	0.191496071105925	0.235537852117974	0.21289327499057	0.138544192824175	0.120673226462596	0.828041209675858	0.0362013628718804	0.0756440853478501	0.165160514206975	0.0426075142981514	0.044093641935305	0.0426834390417071	0.078693317528949	0.282101635622537	0.151823515924147
T:	0.228680746877247	0.167574422713405	0.224979726933126	0.671658278707685	0.730973241989798	0.0618058598677856	0.130010715736368	0.0266275151000362	0.190918748629323	0.129039375757273	0.0536983452339465	0.328258714690092	0.413462578318606	0.233609460439946	0.442312011782923
