Protein: Mafb	Seed k-mer: A..TGCTGAC	Enrichment Score: 0.49526
A:	0.420301405017494	0.593200628135154	0.653363828237122	0.339176320355835	0.171557251089303	0.0447028643185088	0.0103326986246044	0.0340258791148404	0.0160777058819854	0.020331183351321	0.975739439232168	0.0127333688552744	0.259980630709355	0.327676756412357	0.5417210947195	0.258689478967562	0.306040516120364
C:	0.1822988658739	0.0557509464883322	0.0170081760381949	0.10294313333148	0.0786980070516066	0.0332121683531912	0.00445087157637849	0.949297513530496	0.0088780243790937	0.0040766966229947	0.0074503957405265	0.887374673668555	0.111885324199651	0.149969450503332	0.105922503534921	0.0683054380811528	0.306853898643156
G:	0.161481080918669	0.20247748512431	0.0546302801315437	0.0502582544053132	0.267471321488517	0.00391994305062028	0.972441390675628	0.0047878670061078	0.0040071084494559	0.92967601747106	0.0059907086838174	0.018700441761259	0.243050737856419	0.0948949807426551	0.24222401050454	0.493225879616859	0.168307662017125
T:	0.235918648189937	0.148570940252204	0.274997715593139	0.507622291907372	0.482273420370573	0.91816502427768	0.0127750391233892	0.0118887403485563	0.971037161289465	0.0459161025546241	0.0108194563434876	0.081191515714912	0.385083307234575	0.427458812341656	0.110132391241038	0.179779203334426	0.218797923219354
