Protein: Mafk	Seed k-mer: AA.TGCTGA	Enrichment Score: 0.496465
A:	0.245931478882567	0.489106059329173	0.744659299874932	0.677561492658974	0.62194890641511	0.394827909522107	0.0404906601063207	0.0234251904181503	0.108760640680067	0.0495873702409971	0.0488508595180052	0.919694358670944	0.0135362255901888	0.148096588611224	0.185674413483373
C:	0.193117875486728	0.0785739445469813	0.02571461885636	0.030532467804294	0.0373885036602432	0.100589946831439	0.0821548549983694	0.010117913844398	0.847231203357386	0.0259250580612759	0.00828852512119339	0.0180193876262536	0.716810711123026	0.100721185429668	0.220883174065171
G:	0.199427967090225	0.157013966580422	0.1024401083025	0.064134159820691	0.0348184506649202	0.123294674713865	0.00742502603049271	0.934561504873181	0.00592966483002365	0.010216474871476	0.821725345857806	0.0172531154059753	0.0373616420174788	0.0928463926492821	0.168607671442925
T:	0.36152267854048	0.275306029543424	0.127185972966208	0.227771879716041	0.305844139259726	0.381287468932589	0.869929458864817	0.0318953908642712	0.0380784911325241	0.914271096826251	0.121135269502995	0.0450331382968275	0.232291421269307	0.658335833309825	0.424834741008532
