Protein: Mafk	Seed k-mer: AAAA.TGCA	Enrichment Score: 0.49292
A:	0.28993368316688	0.317105105014437	0.589908625015495	0.805648435862784	0.859238958385072	0.877855220503592	0.822443333009503	0.175032320097838	0.0282313728116561	0.0506084206706862	0.0419825980174283	0.757931452742238	0.451956324558961	0.0587645456239166	0.39191860505485
C:	0.244974305419109	0.250773705044746	0.146263514882932	0.0310252810403499	0.0126298691542128	0.0172703229209547	0.0514576000235047	0.0768223812156617	0.13122138538663	0.0394175851791653	0.868232241726061	0.111841262053421	0.283643857658663	0.28597466078987	0.133804780803345
G:	0.342021396772656	0.206168814107965	0.176464193115292	0.116711791303805	0.0687403316073157	0.0135203389653902	0.029432821445697	0.256419439027064	0.0314398352991295	0.847823859695915	0.042708471433733	0.0902141627120877	0.0336523810625603	0.414513974346767	0.407813026006247
T:	0.123070614641355	0.225952375832852	0.0873636669862819	0.0466144917930611	0.0593908408533997	0.0913541176100633	0.0966662455212951	0.491725859659436	0.809107406502585	0.062150134454234	0.0470766888227774	0.0400131224922532	0.230747436719816	0.240746819239447	0.0664635881355582
