Protein: Max	Seed k-mer: G.CACGCG.C	Enrichment Score: 0.45849
A:	0.127990745233513	0.156940158301196	0.0464941446798183	0.196141741482674	0.0193056088862249	0.924839066276307	0.00747790928885149	0.0467023137522236	0.117334877273206	0.0444307777952092	0.54371339345547	0.241148234056919	0.265412193930357	0.226186397182043
C:	0.202888846356205	0.244015403979124	0.0505981939035312	0.365183293239867	0.94680537090016	0.0221130050241019	0.672137769174323	0.0260438414434257	0.610863055775362	0.0535814672128717	0.14980932284539	0.722385963730453	0.113031909515444	0.143503675346102
G:	0.39982199048972	0.182363783008023	0.744311241011696	0.183389027444578	0.0152095068038108	0.0276200840828785	0.0277889035183185	0.906146479910339	0.0251324553161697	0.722748094640411	0.190029973239492	0.0225465731992004	0.270602285852686	0.332745546955346
T:	0.269298417920563	0.416680654711657	0.158596420404954	0.255285937832882	0.0186795134098042	0.0254278446167129	0.292595418018507	0.021107364894012	0.246669611635261	0.179239660351508	0.116447310459648	0.0139192290134272	0.350953610701513	0.297564380516509
