Protein: Max	Seed k-mer: A.CACGTG.T	Enrichment Score: 0.497805
A:	0.234854796490153	0.199226013543867	0.582926099584987	0.138828759641743	0.0249787438338492	0.966344963670601	0.00059770116376066	0.0842363738869884	0.00760681317741786	0.00351985646189599	0.149139789366515	0.0664401989291293	0.186990152258726	0.273437008757854	0.160892560777321	0.171789672493843
C:	0.152539073233311	0.147958940531401	0.274768144690298	0.475427601418449	0.969690738413815	0.00372844305598243	0.907005680627195	0.00816024432205551	0.022319780095999	0.0018106612904393	0.241218168090316	0.0758655567955861	0.346198884365165	0.225889062454344	0.111176732877946	0.101255521647428
G:	0.30171970719866	0.439250133167181	0.0758655567955861	0.305884210587154	0.0018106612904393	0.022319780095999	0.00816024432205551	0.907005680627195	0.00372844305598243	0.969690738413815	0.389598329949914	0.274768144690298	0.250066286112577	0.300738324827122	0.47796261226507	0.424579545380773
T:	0.310886423077876	0.213564912757551	0.0664401989291293	0.0798594283526544	0.00351985646189599	0.00760681317741786	0.0842363738869884	0.00059770116376066	0.966344963670601	0.0249787438338492	0.220043712593256	0.582926099584987	0.216744677263532	0.19993560396068	0.249968094079663	0.302375260477956
