Protein: Mtf1	Seed k-mer: CGTGTGCA	Enrichment Score: 0.494695
A:	0.220880268568494	0.154303132520055	0.229141295457564	0.167193280142029	0.025977790586526	0.00915014890987501	0.0447684935085766	0.00757665307394404	0.00525076038166009	0.00916453915845093	0.0212962389996917	0.982532334897734	0.500983250247367	0.54446566407763	0.321158270769882	0.271460196751743
C:	0.102938815133249	0.2107876041218	0.160787725619572	0.404247658816776	0.931335382970542	0.00202282767606762	0.024113129083341	0.00837029620049354	0.264995866421756	0.0024284022972621	0.956027481285225	0.00334124181966808	0.226027000133402	0.285936167795246	0.168427871256813	0.263221240444474
G:	0.41814581681634	0.420671462995439	0.412817966829012	0.0924888026623427	0.0238295932378286	0.977342218006799	0.0390905036599978	0.973767286834821	0.00401846706599102	0.980566042962212	0.00889254003585555	0.00577311245262726	0.143944438226457	0.0447194506435505	0.261826574028343	0.199082929678574
T:	0.258035099481916	0.214237800362706	0.197253012093852	0.336070258378852	0.0188572332051041	0.0114848054072584	0.892027873748085	0.0102857638907409	0.725734906130593	0.00784101558207519	0.0137837396792276	0.00835331082997033	0.129045311392773	0.124878717483574	0.248587283944962	0.26623563312521
