Protein: Mtf1	Seed k-mer: ATA.GAAA.A	Enrichment Score: 0.40277
A:	0.492974054406191	0.368250867743848	0.507881989876232	0.12379763726054	0.587677165405713	0.403397107413601	0.186085643742191	0.681096663409935	0.717748382885902	0.64978434146431	0.424053984643536	0.583515406398917	0.353266236899589	0.312793577886429
C:	0.180917687126227	0.203898515546667	0.155464559938487	0.114284564362431	0.127243059363968	0.150409676051102	0.147802106475686	0.135010906702668	0.0754249699367083	0.103312576383318	0.187231894883981	0.181221549281267	0.175582501591609	0.344668872494886
G:	0.14801233944139	0.207776597343626	0.113771946083749	0.153583768254599	0.0661157609371257	0.140817125360933	0.466164312262064	0.0829585582053441	0.052584008615283	0.082872145336341	0.138687463893211	0.122886624672465	0.217917734849851	0.278064514404813
T:	0.178095919026192	0.220074019365859	0.222881504101532	0.608334030122429	0.218964014293194	0.305376091174363	0.199947937520059	0.100933871682053	0.154242638562107	0.16403093681603	0.250026656579271	0.112376419647352	0.253233526658951	0.0644730352138717
