Protein: Myb	Seed k-mer: CAACTGCC	Enrichment Score: 0.49133
A:	0.205498771757272	0.19512108075307	0.514704212335959	0.0636085535166187	0.125736735926954	0.985341758859854	0.98609212979682	0.00494727343868967	0.0233511225613444	0.0207486121995678	0.150941779811198	0.0307805739440235	0.502946977280009	0.204780872199242	0.191705124060508	0.224640516724959
C:	0.277575040890995	0.18879099534039	0.191752596478554	0.633098618069677	0.620566133857599	0.00252948677006598	0.00779606242973875	0.985866723476116	0.140013068882427	0.00680169344731334	0.638406447505031	0.907267283182616	0.0550271673378847	0.281209468106161	0.247566869871812	0.309543750703117
G:	0.259452759320034	0.391776667558494	0.122476883938529	0.0881731060037991	0.0126809160213639	0.00598380936473648	0.00334127522685387	0.00447358786528829	0.0159366066969848	0.969226583775384	0.0208134119014701	0.0146323667092646	0.326515204513804	0.218985414495223	0.33891244249989	0.218984502335536
T:	0.257473428031699	0.224311256348046	0.171066307246958	0.215119722409906	0.241016214194084	0.0061449450053434	0.00277053254658695	0.00471241521990586	0.820699201859243	0.00322311057773515	0.189838360782301	0.0473197761640955	0.115510650868302	0.295024245199374	0.22181556356779	0.246831230236388
