Protein: Myb	Seed k-mer: AACCGTTA	Enrichment Score: 0.49519
A:	0.328644999597639	0.20691668897788	0.222003668437549	0.261099414335794	0.377806504656195	0.760793714980353	0.825639609232607	0.0263265647283663	0.00683114179378571	0.00361816914425521	0.00553454466267454	0.0142296436823025	0.683148336809878	0.312491261425084	0.330394331226364	0.29021529779872	0.235444739086594
C:	0.216828701701013	0.0951822434669523	0.148674615869619	0.154556189306221	0.263225538007597	0.00874950012205131	0.00547417828315085	0.9609518801262	0.825142216231405	0.00308331174113131	0.00949046239112173	0.22540737652198	0.019522394822673	0.189332526637529	0.234925075968991	0.302656125341618	0.214518970860347
G:	0.17504073615711	0.203532638209592	0.347359615528321	0.318839561118474	0.136863144975641	0.150249831062955	0.0904643237499983	0.000707030620996699	0.158264449180987	0.991947115631096	0.0089361685530213	0.00264499156451458	0.184292918835676	0.105503494335152	0.0838170410022782	0.0818919352781614	0.215222543718373
T:	0.279485562544237	0.494368429345576	0.281962100164511	0.265504835239511	0.222104812360567	0.0802069538346403	0.078421888734244	0.0120145245244373	0.00976219279382284	0.00135140348351744	0.976038824393182	0.757717988231203	0.113036349531772	0.392672717602235	0.350863551802367	0.325236641581501	0.334813746334686
