Protein: Mybl1	Seed k-mer: AACCGTTA	Enrichment Score: 0.49605
A:	0.219489788628203	0.242096344278902	0.242319202026019	0.369836731716714	0.390567718647567	0.782192210197401	0.837985428283675	0.0272550377214854	0.00670577805885469	0.00349110916046061	0.00419452366645374	0.00986012634588363	0.709622772830958	0.316261818912154	0.25465992248044	0.289938760942234	0.262670043806167
C:	0.243488465965979	0.0944352348848022	0.155536168338007	0.185801143659047	0.211209869410704	0.0117832068459495	0.00625373500376793	0.965066882471941	0.831050630020206	0.00282947126782381	0.00913578223787304	0.166760823807177	0.006956972153447	0.239384383562521	0.23714613368724	0.309707777701237	0.214790845016964
G:	0.196238819260022	0.234242295236798	0.366023114486202	0.219486247062765	0.0982439545537605	0.158353577505376	0.0845219554215665	0.00136040939155356	0.151461705775776	0.991758044627597	0.00977628924162676	0.00215881148232618	0.20441520781592	0.140023532212531	0.0903255305379116	0.0680376002042594	0.217375220674964
T:	0.340782926145796	0.429226125599498	0.236121515149773	0.224875877561474	0.299978457387969	0.0476710054512735	0.071238881290991	0.00631767041502059	0.010781886145163	0.00192137494411857	0.976893404854046	0.821220238364613	0.0790050471996754	0.304330265312794	0.417868413294408	0.33231586115227	0.305163890501904
