Protein: Mybl1	Seed k-mer: CCAACTG.C	Enrichment Score: 0.49308
A:	0.205988559948039	0.149857654361149	0.440044790353697	0.0557221848409354	0.0603888719708572	0.98026511902305	0.976250603234045	0.00644941938962564	0.0257758207309545	0.00977462306361705	0.18758984634885	0.108889509259702	0.242100578787245	0.281058367363185	0.150908331879999
C:	0.268358504375981	0.3302006234204	0.213696954318708	0.767204464039774	0.768239335253368	0.00890577354082541	0.0155006745687592	0.982887700755256	0.139678523217068	0.00835196962588923	0.568007201707344	0.808175091552268	0.0979317821158138	0.212522774544702	0.188201409251811
G:	0.263478859017126	0.339740780790233	0.179742385245866	0.0490767515746381	0.0111752462432688	0.00496431072622168	0.00412239577082669	0.00519998282184831	0.0484150840392444	0.975178052913434	0.0366035528431245	0.0177048645629255	0.55555050055019	0.104136225597648	0.411156494126826
T:	0.262174076658854	0.180200941428218	0.166515870081729	0.127996599544652	0.160196546532506	0.00586479670990265	0.00412632642636882	0.00546289703327017	0.786130572012733	0.00669535439705988	0.207799399100682	0.0652305346251037	0.104417138546752	0.402282632494464	0.249733764741364
