Protein: Myf6	Seed k-mer: AACAG.TG.C	Enrichment Score: 0.49404
A:	0.249542717106768	0.349361250597804	0.386929996791062	0.173937002907514	0.663623775900474	0.717265216801722	0.00417590395040022	0.967612438329921	0.080780573886763	0.0198306680174425	0.0198766538479915	0.00516882979178051	0.11571014724531	0.0323918257423461	0.202049387486451	0.181994398827897
C:	0.203739048678885	0.204136151323354	0.174655173851779	0.233501376284972	0.0376534917520127	0.040761187280159	0.985948196704374	0.00554255122931015	0.0898565527692158	0.270960776669836	0.0269964524687715	0.00797967376759974	0.200513714788736	0.527195788614033	0.384911802356644	0.19297549110697
G:	0.394130817192541	0.321766829572513	0.250284308488694	0.412360324227227	0.264215767339388	0.206655974868349	0.00321863088922665	0.00860380000465143	0.746008969785189	0.409807847947228	0.0140218554392793	0.978333729555042	0.226485295371752	0.128371572817585	0.106487858114438	0.425581927403368
T:	0.152587417021806	0.124735768506329	0.188130520868465	0.180201296580286	0.0345069650081252	0.0353176210497704	0.00665726845599895	0.0182412104361173	0.0833539035588323	0.299400707365494	0.939105038243958	0.00851776688557707	0.457290842594202	0.312040812826036	0.306550952042467	0.199448182661764
