Protein: Myf6	Seed k-mer: AACAG.CGC	Enrichment Score: 0.45539
A:	0.345146488013258	0.22213719373244	0.269602465977963	0.485405791720008	0.577730594798247	0.0700269105790002	0.685017697670726	0.162574046433077	0.343240301234647	0.0801690845698969	0.167034629133321	0.114383107808223	0.39214312802688	0.208147487120144	0.16863150929973
C:	0.26105897598822	0.272923002708112	0.278951419673728	0.144018099371158	0.270563099425945	0.750815784849967	0.105175239349362	0.071040993448798	0.389633340632279	0.790322888125634	0.201642309694909	0.664317079667594	0.114474613925907	0.577473165873016	0.56313543715974
G:	0.273931110860127	0.332023618603445	0.245220682323427	0.294420682111543	0.0789547842576704	0.0628186475434988	0.137110344038653	0.638464241766771	0.206226161983908	0.114210602632884	0.462780389853469	0.166143102371949	0.340084685645908	0.142693639531859	0.0661812155220432
T:	0.119863425138395	0.172916184956003	0.206225432024882	0.0761554267972912	0.072751521518137	0.116338657027534	0.0726967189412585	0.127920718351355	0.060900196149167	0.0152974246715846	0.168542671318301	0.0551567101522349	0.153297572401304	0.0716857074749806	0.202051838018487
