Protein: Nkx3-1	Seed k-mer: CCACTTAA	Enrichment Score: 0.49762
A:	0.320923080246574	0.265792395443212	0.31328411939895	0.512376985451804	0.316140430436533	0.0574726175550467	0.00224044736031258	0.955827530858381	0.0342425671707165	0.00275256525130231	0.00203377961599969	0.926350741405085	0.745831294559601	0.213233739048081	0.235811146718532	0.491795778449489	0.180671341292806
C:	0.355719976204453	0.153577197056666	0.132832025174631	0.150006859427754	0.176900003218266	0.823461002846394	0.867965085529372	0.00322339652203472	0.963532847604293	0.00340555438667055	0.0455732358475224	0.0102157987621642	0.0468081806836816	0.336368031723797	0.244212773217471	0.174085671004561	0.249524773022215
G:	0.132925094454611	0.141309037651804	0.206077982809978	0.229939690099302	0.275045106366422	0.105043363550067	0.000707698551832823	0.000750055938640106	0.000605939998669758	0.00127807346635808	0.000563066666772603	0.00830345440520459	0.0958962724546511	0.349534091501302	0.279437628943586	0.209810874005509	0.253930954953432
T:	0.190431849094362	0.439321369848317	0.347805872616442	0.10767646502114	0.231914459978779	0.0140230160484919	0.129086768558483	0.0401990166809439	0.00161864522632088	0.992563806895669	0.951829917869705	0.055130005427546	0.111464252302067	0.100864137726821	0.240538451120411	0.124307676540441	0.315872930731547
