Protein: Nkx3-1	Seed k-mer: AAGTACTT	Enrichment Score: 0.496485
A:	0.355705381968315	0.331374640390025	0.256867553619217	0.140853516409656	0.270847377314572	0.47191036942278	0.648885130209995	0.0406587082277227	0.0122171221739752	0.900879381180987	0.0482605038338525	0.0642106626866923	0.106316493624339	0.147026948421061	0.230890183114452	0.463052918653109	0.433206253602753
C:	0.252939360744774	0.367839844761668	0.133354427474374	0.369213007244863	0.361955717623383	0.0186497663651263	0.026013462888183	0.00896934797741009	0.0509181301706945	0.0359853664743436	0.902111439961015	0.26089074421513	0.403123370587754	0.186036158600993	0.213795369672197	0.261688094544437	0.21010291862302
G:	0.302809323794046	0.112822278096534	0.245031407972674	0.251344960680695	0.284953378493683	0.403123370587754	0.26089074421513	0.902111439961015	0.0359853664743436	0.0509181301706945	0.00896934797741009	0.026013462888183	0.0186497663651263	0.335217790607126	0.406875491233417	0.152991606062467	0.166170808959183
T:	0.0885459334928649	0.187963236751773	0.364746610933735	0.238588515664786	0.0822435265683624	0.106316493624339	0.0642106626866923	0.0482605038338526	0.900879381180987	0.0122171221739752	0.0406587082277227	0.648885130209995	0.47191036942278	0.331719102370819	0.148438955979934	0.122267380739987	0.190520018815044
