Protein: Nr2f2	Seed k-mer: AAAGGTCA	Enrichment Score: 0.496275
A:	0.253407617529925	0.262827216701556	0.143382507776078	0.24749848167544	0.856653963250793	0.797368504905608	0.808221646559614	0.00258292599033419	0.00242125802406311	0.000269823708388122	0.000183785574075543	0.925586563695183	0.307027547110016	0.238576319620522	0.281598548184528	0.211511014744289
C:	0.181904430000876	0.38187030885013	0.243232813961402	0.336891656473412	0.0370679140910657	0.0129352664319032	0.00130876517853314	0.000535974564427705	0.000283034625108441	0.0036504910982474	0.956653574576739	0.000706470809105379	0.327297191244857	0.245846576712264	0.234986716635523	0.212694766111504
G:	0.273186045929697	0.153733606893759	0.242561547695905	0.176113932971067	0.0494918811748184	0.176462806822027	0.189795566935583	0.989167358267361	0.972776890927587	0.0190384550667239	0.0053294156084475	0.0724341243318733	0.079126408237856	0.384024816887984	0.226210662999052	0.363979700894422
T:	0.291501906539502	0.201568867554556	0.370823130566615	0.239495928880081	0.0567862414833223	0.0132334218404613	0.00067402132626975	0.00771374117787698	0.0245188164232417	0.977041230126641	0.0378332242407381	0.00127284116383806	0.286548853407271	0.13155228677923	0.257204072180898	0.211814518249785
