Protein: Nr2f2	Seed k-mer: CCGGGTCA	Enrichment Score: 0.49322
A:	0.195749005168411	0.131070173253262	0.238958594225244	0.187749115388112	0.00675104289513323	0.00538820074140314	0.0881528051651101	0.00245934266368689	0.00361841120143794	0.00332505405889713	0.00254673955511595	0.940260287315235	0.222458662691551	0.151824198325266	0.175810741289783	0.356690440619794
C:	0.43570031602013	0.131912130362593	0.441528655708442	0.189726972460776	0.541369616829756	0.590607990710657	0.00466583331459039	0.00427818461288136	0.00250445321755937	0.00401682547469878	0.972863941846211	0.002926838485406	0.390569130590668	0.258444458918867	0.290582941911515	0.198972908982651
G:	0.196914532754688	0.417833898213052	0.174973314985971	0.405849006649533	0.182092141593276	0.339869079329228	0.902351000622552	0.982636678282615	0.985275041971109	0.00924399207758098	0.00534522841157107	0.0536323558440934	0.251496938126822	0.332866233873054	0.232086443879133	0.136049615828724
T:	0.171636146056771	0.319183798171093	0.144539435080343	0.216674905501579	0.269787198681834	0.0641347292187119	0.00483036089774726	0.0106257944408164	0.00860209360989374	0.983414128388823	0.0192440901871023	0.00318051835526566	0.135475268590958	0.256865108882813	0.301519872919568	0.308287034568831
