Protein: Osr1	Seed k-mer: GCTACCTA	Enrichment Score: 0.435925
A:	0.454194304555283	0.183010716498827	0.402809422283432	0.211744857574739	0.136344555336227	0.026957376959848	0.0290797895171459	0.787454478586303	0.0734608923621929	0.0267906902775263	0.322008063620382	0.458267490951874	0.432794010397369	0.260978284459642	0.28287710971685	0.274196503978092
C:	0.0926763518899079	0.349823482489622	0.216432822776033	0.252048888259386	0.0836895552992941	0.909548628289233	0.0820997177408951	0.0482018628212394	0.881277971792695	0.545542386470539	0.10156514180796	0.105780810844209	0.314870360762378	0.176097037348364	0.259359368942012	0.291830703264195
G:	0.30632619139738	0.148031258788473	0.154083378339873	0.161182320792434	0.743914245071156	0.0245450439318233	0.0325738009191948	0.0524858416189365	0.0223131340273003	0.0108154186008131	0.0264891081317768	0.425231271008236	0.0906850017228712	0.204310496587905	0.208880730294336	0.231013322506392
T:	0.146803152157429	0.319134542223078	0.226674376600662	0.375023933373441	0.0360516442933227	0.0389489508190957	0.856246691822764	0.111857816973521	0.0229480018178121	0.416851504651121	0.549937686439881	0.0107204271956807	0.161650627117381	0.358614181604089	0.248882791046803	0.202959470251321
