Protein: Osr1	Seed k-mer: ACAGTAGC	Enrichment Score: 0.49756
A:	0.260366101161139	0.23993102378679	0.257636908547116	0.323832581773239	0.824983151440743	0.0090554827132415	0.659218571690022	0.00296511195298029	0.047379686716633	0.974072778885529	0.0062557336864175	0.00137174925132434	0.449787555108867	0.392726868855045	0.361757727432233	0.420972120559999
C:	0.25288671456857	0.23388272197793	0.188705665959461	0.165977728870442	0.119266769260961	0.974108267581628	0.001515736095378	0.00164345241837433	0.00175814091022612	0.00074129043335464	0.00134055437330081	0.921382200347147	0.160658250255348	0.304490130346793	0.209213477263037	0.108911901362167
G:	0.224272725696495	0.190643076063161	0.242480393774058	0.161143917122888	0.0270144366550571	0.000888994480362939	0.33736100620835	0.993070244032014	0.00959306699333132	0.0231873213396173	0.990113953459286	0.0107191656341467	0.105503812760936	0.187448480689551	0.17580469634789	0.289405904143099
T:	0.262474458573795	0.335543178172119	0.311177031719365	0.349045772233432	0.0287356426432394	0.0159472552247673	0.00190468600624926	0.0023211915966315	0.94126910537981	0.00199860934149867	0.00228975848099601	0.0665268847673815	0.284050381874849	0.115334520108611	0.25322409895684	0.180710073934735
