Protein: Osr2	Seed k-mer: GCTACCTA	Enrichment Score: 0.43124
A:	0.503814467932991	0.25492900363732	0.227652114893721	0.20437721782518	0.092364040806313	0.0264363221185672	0.0352495555138815	0.819775313007392	0.145641668823601	0.0312520830835377	0.255316219478559	0.466711910455956	0.344321402048639	0.422210229807763	0.221064024628128	0.280658432672617
C:	0.061521154592667	0.299709569844263	0.250214956482975	0.213834735353443	0.0946616013844266	0.897854913734361	0.0854290755440902	0.0429247689951173	0.810774263417727	0.48682650479011	0.101783041299324	0.0844712628129344	0.408615638342742	0.112318504721964	0.283524758417786	0.350362695735771
G:	0.249335987373952	0.169909995501501	0.15672022746252	0.124161318752561	0.75036376926845	0.0389863528502065	0.0304961520188492	0.0329959938758768	0.0215493465981182	0.0151813493425202	0.0395522895141474	0.436303098895589	0.0646959350738708	0.109923359482842	0.217774816130569	0.211925037984231
T:	0.185328390100389	0.275451431016917	0.365412701160784	0.457626728068816	0.0626105885408104	0.0367224112968657	0.848825216923179	0.104303924121614	0.0220347211605532	0.466740062783832	0.60334844970797	0.0125137278355204	0.182367024534748	0.355547905987431	0.277636400823517	0.157053833607381
