Protein: Osr2	Seed k-mer: ACAGTAGC	Enrichment Score: 0.49824
A:	0.295210404960304	0.28616320785601	0.287577479427971	0.263263748142298	0.839419992424295	0.00548816939018153	0.660134321194893	0.00302047469992053	0.0396637718429729	0.980339152324027	0.00384863664485796	0.000857820222153587	0.342839883292377	0.342486126953633	0.362426295458011	0.266585550621028
C:	0.230759078618436	0.186771860056412	0.235045359331922	0.191325329661679	0.118122884168253	0.984397245542344	0.00153242609074484	0.00177292109537131	0.0010604240153501	0.000636446788072568	0.00141773055384764	0.950171799060549	0.23071217993591	0.316979733761479	0.178912528125175	0.140406296863836
G:	0.178831720685462	0.186150004915085	0.329453310951079	0.0819782080892917	0.0187883163535354	0.000830303176226654	0.336573709565995	0.99314355209499	0.0050536418559147	0.016775718411442	0.992165734918366	0.00722781367317089	0.13357008373735	0.167294042611941	0.146708927429138	0.43564294167132
T:	0.295198795735798	0.340914927172492	0.147923850289027	0.463432714106731	0.0236688070539162	0.009284281891248	0.00175954314836763	0.00206305210971799	0.954222162285762	0.00224868247645826	0.00256789788292849	0.0417425670441265	0.292877853034363	0.173240096672947	0.311952248987677	0.157365210843815
