Protein: Plagl1	Seed k-mer: GGGGCCCC	Enrichment Score: 0.499425
A:	0.119708864542744	0.236295482422879	0.203721682276955	0.187661043205809	0.0473055967691436	0.131945217920129	0.00379991643708707	0.00251525826188819	0.00195517901371088	0.0288319948174052	0.0153853585643799	0.0728681425644705	0.193804008877158	0.210648916512732	0.376439349474537	0.230077515797302
C:	0.241933481778509	0.277376110068214	0.152042549617542	0.114329767750526	0.0414113579287442	0.00374884560157803	0.00671257151396328	0.652482172022573	0.343047390701828	0.960655517231545	0.848920577913913	0.838414902737642	0.543599868429022	0.233823318484791	0.191611606379131	0.25651906751793
G:	0.29969579110802	0.191945403815975	0.467305221911332	0.513661945322125	0.838414902737642	0.848920577913913	0.960655517231544	0.343047390701828	0.652482172022573	0.00671257151396329	0.00374884560157803	0.0414113579287442	0.063385494371126	0.258754519374908	0.261004139459545	0.299785251179926
T:	0.338661862570727	0.294383003692933	0.176930546194171	0.184347243721541	0.0728681425644705	0.0153853585643799	0.0288319948174052	0.00195517901371088	0.00251525826188819	0.00379991643708707	0.131945217920129	0.0473055967691436	0.199210628322694	0.29677324562757	0.170944904686788	0.213618165504842
