Protein: Plagl1	Seed k-mer: GGGGGTAC	Enrichment Score: 0.493125
A:	0.289170541017789	0.214498285096132	0.195842092543411	0.19317735166004	0.0900672458609095	0.00971087090332401	0.0283199257651061	0.00438392820014491	0.00540709580597801	0.0131262153453952	0.878962466098333	0.0506980970550587	0.220252323656204	0.229910549671948	0.241117830152324	0.200245720633866	0.271001234248797
C:	0.1732012298219	0.351145582002668	0.158570870912594	0.0505347201892067	0.0110816402193671	0.00585825739072436	0.00300328988702128	0.0055774306691609	0.0104800535643201	0.0147283798564276	0.009527786200662	0.888662795536334	0.630703026070613	0.340631236889752	0.325264191141164	0.235973546444016	0.1265321529041
G:	0.327700752563125	0.216580218531364	0.14725482014091	0.597112104165037	0.813242418242227	0.976345489015703	0.964413045555018	0.976901726784168	0.969223644758221	0.00801762226332324	0.0801060702109994	0.0141452087539405	0.0572439320635003	0.212450278593955	0.145213143161001	0.190380189324742	0.246343397691626
T:	0.209927476597186	0.217775914369837	0.498332216403085	0.159175823985716	0.0856086956774967	0.00808538269024883	0.00426373879285449	0.0131369143465264	0.0148892058714811	0.964127782534854	0.0314036774900055	0.0464938986546671	0.0918007182096825	0.217007934844346	0.288404835545511	0.373400543597376	0.356123215155477
