Protein: Rara	Seed k-mer: CGGGGTCA	Enrichment Score: 0.48605
A:	0.452790685382596	0.126444202625904	0.434627435132116	0.155277836462267	0.0222658998560708	0.0150357867265764	0.0451886000259906	0.00776280084908986	0.0134527602102177	0.0407142250402703	0.017022968201438	0.801114499925933	0.394694584614395	0.0876540913824464	0.118927067859795	0.308787276712257
C:	0.238472502367781	0.0940122740755787	0.239256199886739	0.149228013587864	0.469313799049504	0.363659944262162	0.0997597759314082	0.00985731701193892	0.00395188759757316	0.0273708009069133	0.852074842896406	0.00439081139945169	0.235752140477909	0.156911410725238	0.222730319934294	0.296358210904117
G:	0.150607963167503	0.487075813557476	0.156125493838153	0.515564824923915	0.0592401242927527	0.45159396411303	0.821515705127828	0.907047486281808	0.903170443044843	0.0279965049673275	0.0396557342304163	0.164886133951546	0.182579862336018	0.450590709112785	0.284209582007194	0.19786822363726
T:	0.15812884908212	0.292467709741041	0.169990871142993	0.179929325025954	0.449180176801673	0.169710304898231	0.0335359189147732	0.0753323958571634	0.0794249091473659	0.903918469085489	0.0912464546717396	0.0296085547230698	0.186973412571678	0.304843788779531	0.374133030198716	0.196986288746366
