Protein: Rara	Seed k-mer: AAAGGTCA	Enrichment Score: 0.49643
A:	0.222477748777052	0.276221585238692	0.10604693759675	0.244162680733711	0.852083304468139	0.814107766233783	0.905197875653079	0.00278312124853164	0.00128878545705986	0.00287759761174105	0.000498955297893856	0.963626613393463	0.181489759829251	0.183789115821837	0.22980081498649	0.218244035690165
C:	0.177331056176568	0.36009740307942	0.268455299148911	0.407141356402036	0.050643063517329	0.0128936541146339	0.00564825914742154	0.000554865674196094	0.000625888405254097	0.00163099623451534	0.975550153580629	0.000882692452594878	0.517765530741743	0.384790303984783	0.228801498914642	0.170273383079903
G:	0.266394590137469	0.118354332317966	0.234217062431408	0.146863826485078	0.0399413659900878	0.16598400390808	0.0883780034217096	0.988205091355599	0.898208816947418	0.00890976735077334	0.0052640614019792	0.0344323763414401	0.0770942846726896	0.308349968820157	0.224467935570479	0.36674616875503
T:	0.333796604908911	0.245326679363922	0.391280700822931	0.201832136379175	0.0573322660244439	0.00701457574350378	0.000775861777789445	0.00845692172167303	0.0998765091902682	0.98658163880297	0.0186868297194981	0.00105831781250184	0.223650424756317	0.123070611373223	0.316929750528389	0.244736412474902
