Protein:  Rfx3-secondary	Seed k-mer:  C.TGGATAC	Enrichment Score: 0.469261348932098
A:	0.314513906043393	0.126938740270949	0.102264501274458	0.129288281532144	0.318165762969654	0.109019256525864	0.226145422193051	0.0358628968725205	0.223792603436246	0.0398002170289902	0.298298115892507	0.0147289622653183	0.485114359210143	0.0357075048270461	0.951151624876946	0.0237133976469831	0.291066851174228	0.340333997680923	0.198713320913973	0.321155300689425	0.412645779419669	0.297134124348331	0.151169100606394
C:	0.275351986696445	0.598294124188177	0.155333658678012	0.282677986963689	0.22782297902013	0.38083805723801	0.289206322628084	0.844339405858352	0.187243542641412	0.029681404606728	0.0321473955389188	0.0220233226585366	0.0049249070130092	0.0203809715130823	0.012738033130385	0.944393882508612	0.385205445176838	0.199588034706489	0.47213824347238	0.269931579233006	0.195251529090451	0.180928100035569	0.305385869807582
G:	0.257616604464868	0.130575622432586	0.177956876587744	0.326989810522106	0.17568085845375	0.27832750757358	0.291300351993752	0.0725818738688831	0.088092458558075	0.0262011632797152	0.654745851794634	0.944825901859478	0.0137845742829862	0.240803698671853	0.0178860810622747	0.0095377104705711	0.232388435054478	0.311525697304929	0.178318679551308	0.311301046952266	0.231950327551075	0.250399684910501	0.358573590337954
T:	0.152517502795295	0.144191513108288	0.564444963459786	0.261043920982061	0.278330399556466	0.231815178662545	0.193347903185114	0.047215823400244	0.500871395364267	0.904317215084567	0.0148086367739403	0.0184218132166674	0.496176159493862	0.703107824988019	0.0182242609303939	0.0223550093738339	0.0913392685944557	0.148552270307658	0.15082975606234	0.0976120731253035	0.160152363938805	0.271538090705599	0.18487143924807
