Protein: Rfx3-primary	Seed k-mer: 	C.TAGCAAC	Enrichment Score:  0.480747437678453
A:	0.21834534638667	0.264603826497209	0.117304105540263	0.111928650757172	0.343319179281124	0.193354166401888	0.166348114702586	0.0069365661151992	0.255581241340087	0.00258233767690006	0.850584485750102	0.037792474736058	0.00941422695975121	0.94340284308164	0.991166112338645	0.00365066430020206	0.208873367473878	0.322534988803506	0.326737910605885	0.299696514359972	0.300823755485984	0.418443118911309	0.386726986053351
C:	0.231532840650253	0.126115214387247	0.186844046801514	0.277908379317303	0.311376316416579	0.374280127558138	0.578991199300082	0.931182642823013	0.289587109977803	0.0126152717869988	0.0079731909949097	0.00228486632396117	0.92148074088148	0.00097987055188778	0.00293074553256418	0.98711048097001	0.369705196758909	0.186617249707695	0.179486266791773	0.185329406391241	0.266835819663366	0.191067783274647	0.204061856686272
G:	0.152527738102258	0.320859655228012	0.172946118872626	0.409084019553202	0.123612411189411	0.157337617200797	0.130871676406319	0.0468088204114127	0.125512630481117	0.00278161910952991	0.140638962589348	0.957276606836447	0.00163556251035693	0.0424012651154062	0.00353955839678019	0.00110569360571383	0.319129020679184	0.374187435187052	0.226373553796998	0.133025193296487	0.0964369068859986	0.127182861425176	0.12604984604901
T:	0.39759407486082	0.288421303887532	0.522905728785597	0.201078950372324	0.221692093112886	0.275028088839176	0.123789009591013	0.0150719706503752	0.329319018200992	0.982020771426571	0.000803360665639954	0.00264605210353367	0.067469469648412	0.013216021251066	0.00236358373201024	0.00813316112407462	0.102292415088029	0.116660326301746	0.267402268805344	0.3819488859523	0.335903517964651	0.263306236388868	0.283161311211368
