Protein: Rfx4	Seed k-mer: C.TGGTTAC	Enrichment Score: 0.496505
A:	0.241054977087353	0.334692192495513	0.149992524211	0.022041363597139	0.270991388289048	0.0640652192617216	0.502352440447566	0.0047037465752383	0.362619328088398	0.00895884868188487	0.95223766804454	0.00874147142043377	0.219428671872399	0.234526945804143	0.296591764790528
C:	0.181590069780002	0.284570034832139	0.369289378817445	0.923938823551135	0.387582160551287	0.0268894128154025	0.014409407180867	0.00348028351582668	0.00222506680928116	0.0115320140766444	0.00999575183029181	0.976873583547404	0.353878785122229	0.265600694438555	0.268334253287231
G:	0.146782242977024	0.183857977506971	0.26726831279667	0.0292716779901076	0.133916445346652	0.0609472666274695	0.481031856712005	0.984760561029272	0.00418671493351844	0.043287361747292	0.0175712761004236	0.00647943959424187	0.330698501823342	0.292783713304445	0.2169304236669
T:	0.430572710155621	0.196879795165378	0.213449784174885	0.0247481348616189	0.207510005813013	0.848098101295406	0.00220629565956166	0.00705540887966287	0.630968890168802	0.936221775494179	0.0201953040247444	0.00790550543792013	0.0959940411820298	0.207088646452857	0.21814355825534
