Protein: Rfxdc2	Seed k-mer: C.TAGCAAC	Enrichment Score: 0.49728
A:	0.189171673908528	0.13671028811985	0.256815858662655	0.0111460789678381	0.373741302935244	0.00501658232690747	0.841176147598226	0.0299055099142261	0.0125943695286707	0.932421834565102	0.982357305935246	0.00435107716818416	0.110844645831648	0.27750362422186	0.306730358181674
C:	0.312793271358239	0.43494343250735	0.275896867521239	0.863463265239884	0.237225524380299	0.111657004662862	0.0137157231263629	0.00213285474649148	0.847704232087452	0.00101350470023251	0.00693806188237578	0.989050936488563	0.311938378037218	0.180988924318085	0.193910316926977
G:	0.208883436863093	0.186107609218146	0.363977665231779	0.0993942688070712	0.14698710484753	0.00364748599539689	0.141250398108738	0.962640477659296	0.00215701476451146	0.0522569499314438	0.00932272914629297	0.00115333471865808	0.548936015551446	0.410979999279724	0.280420266522824
T:	0.28915161787014	0.242238670154653	0.103309608584327	0.025996386985207	0.242046067836927	0.879678927014834	0.00385773116667329	0.00532115767998622	0.137544383619366	0.0143077108032216	0.00138190303608486	0.00544465162459474	0.0282809605796881	0.13052745218033	0.218939058368525
