Protein: Rfxdc2	Seed k-mer: C.TGGATAC	Enrichment Score: 0.48444
A:	0.120124427779012	0.153013261299034	0.426572867914465	0.0672129443748439	0.213424084590708	0.0424270366104291	0.359926778352401	0.0150788035619781	0.6994376039964	0.017282263996078	0.948823488524022	0.0161750255787554	0.114584160343562	0.219113770946659	0.308086630070496	0.479299841945907	0.323493048749112
C:	0.369051934907423	0.175277985813062	0.206846090608495	0.665712306822231	0.152912121750656	0.19367518639315	0.038766835763125	0.0178844932209201	0.0070043618211543	0.0222280702869467	0.0114705832392473	0.947648928547999	0.334988879600373	0.247229416724224	0.178171225085828	0.12516798207018	0.230502483486833
G:	0.280026135490553	0.321983193151452	0.272112278073624	0.165815276260434	0.229259575338197	0.0341439700723549	0.588911439487436	0.948606968108252	0.0145791506514832	0.369181222708914	0.0188047004918903	0.00771035927820843	0.511561908385983	0.396478117965511	0.248355652376718	0.134836635815371	0.108189309381081
T:	0.230797501823012	0.349725559736452	0.0944687634034163	0.101259472542491	0.40440421832044	0.729753806924066	0.012394946397038	0.0184297351088494	0.278978883530963	0.591308443008062	0.0209012277448405	0.0284656865950377	0.0388650516700815	0.137178694363606	0.265386492466959	0.260695540168542	0.337815158382974
