Protein: Rxra	Seed k-mer: C.TGACCCC	Enrichment Score: 0.49608
A:	0.235299431281406	0.144777561555789	0.261126890748697	0.119942936827208	0.222671662471688	0.00183774322601503	0.0304104553613608	0.987390840136398	0.105188044950975	0.00647467457140562	0.00181646481187956	0.0103542250864779	0.328731548161205	0.209638387637854	0.385389542638064	0.403452355071801	0.203082151995988
C:	0.222264262559591	0.278902355630251	0.261903912211855	0.410774168173216	0.0755542971868298	0.0469044332014042	0.00635896425860558	0.00756187773017404	0.888650373381585	0.987073982492399	0.765138460860638	0.846495894848205	0.0393815083716696	0.262627508348449	0.177695006043265	0.26892448649233	0.231812349212432
G:	0.237415655664103	0.341672540681462	0.191590727920916	0.218939997798905	0.365253058177343	0.00282803750787067	0.960820970860726	0.00280996506094639	0.00116314928835789	0.00179267326537395	0.00309158270101868	0.0298991549105303	0.26551009842029	0.145613149788435	0.299828217610428	0.0960282442357977	0.21352014256337
T:	0.3050206504949	0.234647542132497	0.285378469118531	0.25034289720067	0.33652098216414	0.94842978606471	0.00240960951930788	0.00223731707248193	0.00499843237908199	0.0046586696708216	0.229953491626464	0.113250725154786	0.366376845046836	0.382120954225263	0.137087233708242	0.231594914200071	0.35158535622821
