Protein: Sfpi1	Seed k-mer: A.G.GGAAGT	Enrichment Score: 0.49216
A:	0.211585632145099	0.29803234893169	0.59346717099937	0.45974645525236	0.188622905086005	0.402745699455314	0.0485690943163622	0.00435350268664427	0.974271631316691	0.938747828248206	0.0458306683891685	0.0556643238303015	0.301235384216323	0.278680358581783
C:	0.273653396839002	0.104818303271135	0.0480557666373894	0.0526973308123417	0.155357375470535	0.286226558176729	0.00124040058140651	0.00138661121150826	0.00141561951813703	0.00309031481126491	0.270321213091331	0.0925523580220946	0.122652840803889	0.276099227618967
G:	0.234763183727727	0.290385488390917	0.154602294727028	0.169948698287081	0.591543082513204	0.290285435241473	0.946397242575572	0.990819028153143	0.00146583458440841	0.000833299349325681	0.674643926429538	0.0260608754580889	0.267038664118786	0.21915946548452
T:	0.279997787288173	0.306763859406258	0.203874767636212	0.317607515648217	0.0644766369302557	0.0207423071264842	0.00379326252665877	0.00344085794870486	0.0228469145807636	0.0573285575912033	0.00920419208996211	0.825722442689515	0.309073110861002	0.22606094831473
