Protein: Sfpi1	Seed k-mer: AATT..GGAA	Enrichment Score: 0.467395
A:	0.258849683710506	0.407411422966522	0.663761462815025	0.479949326737583	0.220886703831207	0.211992574310434	0.313149988777493	0.308131027354791	0.219945429326709	0.117624949474875	0.725501877664098	0.730076789404211	0.216906663949297	0.218267439110071
C:	0.404047075708862	0.209198958151446	0.0528517701551761	0.0601515825883426	0.0854617945919486	0.111099962296358	0.360343142040038	0.323440245141607	0.0608016322068932	0.0805531985634817	0.0390575171096342	0.107251555109958	0.541024644840348	0.479049771666312
G:	0.118754809764714	0.177959186378994	0.146297318896166	0.0290361469445583	0.0241864214302656	0.120357504146285	0.156354107992005	0.29489899697445	0.664829532412531	0.728330552800358	0.0952724566891586	0.0360336965391605	0.123233857561474	0.115848844201176
T:	0.218348430815919	0.205430432503038	0.137089448133633	0.430862943729516	0.669465080146579	0.556549959246924	0.170152761190464	0.073529730529152	0.0544234060538664	0.0734912991612854	0.140168148537109	0.126637958946671	0.118834833648881	0.186833945022441
