Protein: Six6	Seed k-mer: GGGTATCA	Enrichment Score: 0.497335
A:	0.317045251978873	0.401185853505107	0.358766978849269	0.379931053620398	0.123446815681076	0.0239787641123246	0.146389165975368	0.00273076418066048	0.968742027477684	0.004195000768836	0.0100797003602075	0.939043940280565	0.25831439359147	0.350548855047062	0.242674844375225	0.345443822050959	0.182866494442723
C:	0.156874881979579	0.165205883549402	0.0609531209197626	0.148870607714658	0.0253937070431093	0.0215977210279816	0.010303115332541	0.00104686297427663	0.00195108649277194	0.00143785154929066	0.971684361381974	0.013080449553966	0.320451412598712	0.166684425050553	0.1364763447198	0.223653318658382	0.213203098029981
G:	0.291608773152121	0.112177077501628	0.184247149490297	0.335691678016156	0.821133494968223	0.921706925678873	0.842102492233792	0.0463533763437246	0.0272102635230203	0.00270018220861934	0.00293221115876266	0.0287367369283485	0.0770057945122144	0.182170700431385	0.144813915701309	0.165965590365195	0.170530884839303
T:	0.234471092889427	0.321431185443863	0.396032750740672	0.135506660648788	0.0300259823075916	0.0327165891808206	0.00120522645829961	0.949868996501338	0.00209662250652397	0.991666965473254	0.0153037270990559	0.0191388732371203	0.344228399297604	0.300596019470999	0.476034895203666	0.264937268925464	0.433399522687994
