Protein: Six6	Seed k-mer: ATATATCC	Enrichment Score: 0.47822
A:	0.333252694017241	0.272508000091115	0.14404110549653	0.111666790552364	0.0282985544302569	0.799236440802738	0.0467955099802661	0.897256750133309	0.0121451163153919	0.920367807119661	0.0217608860181196	0.440980389648431	0.0859925033132937	0.333294677023265	0.191724744552109	0.242162329327707	0.147165470919123
C:	0.271628510704747	0.174022986507106	0.28057017526837	0.313422088406316	0.0655100835271496	0.0585826023217459	0.0599560383458816	0.0344088602931851	0.0152360553093427	0.0542152967877561	0.146565899906069	0.488723746149396	0.634207374667543	0.182496665438041	0.327533604297437	0.355762627172298	0.133120627684126
G:	0.210185709375924	0.201523645708056	0.313927817018564	0.471256093179788	0.488463289815511	0.130664277128364	0.00993364251635793	0.0424512137301099	0.0400760354961116	0.0134312109429496	0.0360569842121767	0.0344409306670621	0.121136128176799	0.346953621058687	0.163055875016869	0.132888861988567	0.234939316204285
T:	0.184933085902088	0.351945367693723	0.261460902216537	0.103655027861533	0.417728072227082	0.011516679747152	0.883314809157494	0.0258831758433964	0.932542792879154	0.0119856851496329	0.795616229863634	0.035854933535111	0.158663993842364	0.137255036480008	0.317685776133585	0.269186181511428	0.484774585192466
