Protein: Smad3	Seed k-mer: CCCGCCA..C	Enrichment Score: 0.480475
A:	0.150668475630904	0.31681666459996	0.256473008100786	0.210645536214162	0.166679177255005	0.0493506114245642	0.0475981794646703	0.00460610740520515	0.040252284155856	0.00303807849284857	0.0286720029758606	0.635242827293886	0.240016461710323	0.210430318508188	0.088118351231484	0.181269436466177	0.101070262278611
C:	0.131779150762177	0.287314290083985	0.40906576147346	0.220221936791973	0.508939055068613	0.759380404267332	0.785546086423015	0.94493326206133	0.0506523654259527	0.913698876038013	0.941476899027197	0.139731231752244	0.385947514548606	0.274127067277613	0.454598062872241	0.265027957672996	0.252681975379516
G:	0.245665240180206	0.150828945253628	0.109700202304115	0.345010292452555	0.0816763985503417	0.0884892779626488	0.121957462500431	0.0346964683966951	0.890382220103896	0.0224492287010104	0.0122763162868432	0.110494992857702	0.182847808072859	0.085170661382026	0.208988682696005	0.149022745757902	0.368542233013851
T:	0.471887133426713	0.245040100062427	0.22476102812164	0.22412223454131	0.24270536912604	0.102779706345455	0.0448982716118837	0.0157641621367701	0.0187131303142948	0.060813816768128	0.0175747817100993	0.114530948096168	0.191188215668212	0.430271952832173	0.24829490320027	0.404679860102925	0.277705529328023
