Protein: Smad3	Seed k-mer: A.CCAGACA	Enrichment Score: 0.49313
A:	0.282315893610701	0.34165360290299	0.399522685255217	0.365085887839175	0.243320749019096	0.029872868417981	0.0049451856959459	0.934557134652724	0.00509887666511571	0.969303811866032	0.0081894700712808	0.669579464808112	0.130510853597708	0.198981645053891	0.423171506718174	0.213518868269445	0.371955685001972
C:	0.413385304893972	0.135010678697965	0.173081259399547	0.196359725399939	0.177838575119504	0.808478999640198	0.815464931377649	0.0589441123982602	0.00399770745128258	0.0205941823154874	0.984816334216257	0.0121822627668982	0.171241107005555	0.28966028479892	0.190977997428078	0.287388259374529	0.285061467119079
G:	0.114929523823925	0.267943395505677	0.168845278768481	0.211855609421056	0.224205540707577	0.0363090493020505	0.0406349327760165	0.00502748006014801	0.986148011669542	0.00192915335665178	0.00419877736525951	0.282153354607089	0.334041452632207	0.252391610750459	0.164410834131585	0.294414074857344	0.150191268100145
T:	0.189369277671402	0.255392322893367	0.258550776576755	0.226698777339831	0.354635135153823	0.125339082639771	0.138954950150389	0.00147127288886751	0.00475540421405964	0.00817285246182853	0.00279541834720272	0.0360849178179002	0.36420658676453	0.258966459396729	0.221439661722162	0.204678797498682	0.192791579778803
