Protein: Sox15	Seed k-mer: AATG.AATT	Enrichment Score: 0.433245
A:	0.11071423654132	0.164622027457958	0.287350199482842	0.616692989383495	0.525716750058889	0.0832739821795565	0.0495120856132103	0.410478582039183	0.522714864002262	0.708200186903661	0.095092185138227	0.126419068660594	0.167178501985766	0.222121397101401	0.532720378044288
C:	0.252496654220946	0.184062351258509	0.199873865791345	0.08921809886498	0.258234295827205	0.0964108258744388	0.0968148081788961	0.121469592610849	0.308170809274503	0.050818311548491	0.0561440975680816	0.145615803336217	0.424186946584301	0.318065225899819	0.168320201303573
G:	0.291510732467207	0.190196921787231	0.330361544158491	0.166132056830801	0.0597441711411141	0.0768049561551636	0.691840104331032	0.156168385202803	0.0700734434729457	0.138346402143655	0.158663988608885	0.0802242197305051	0.154592493025679	0.377920197808879	0.257188306568487
T:	0.345278376770526	0.461118699496302	0.182414390567322	0.127956854920724	0.156304782972791	0.743510235790841	0.161833001876862	0.311883440147165	0.0990408832502902	0.102635099404193	0.690099728684807	0.647740908272683	0.254042058404254	0.0818931791899011	0.0417711140836523
