Protein: Sox12	Seed k-mer: AGACAAAG	Enrichment Score: 0.45188
A:	0.378898378165061	0.35252379260988	0.323551462303019	0.135539197038473	0.663106299775431	0.0517483294792497	0.886489478556053	0.0436469163533208	0.882052127075384	0.864170861138205	0.79015844930855	0.0874469441158729	0.295918646656179	0.653156496907879	0.3517636956955	0.203977334432692
C:	0.318901225231639	0.321235734459564	0.182055609312333	0.325230049995218	0.0554710334464586	0.292566736490096	0.0423608768131446	0.688743880007445	0.0398180379112005	0.0360111819962407	0.0468680893418465	0.143905380210826	0.132479222074537	0.133003571541581	0.131770660774916	0.196772609870854
G:	0.205859290578623	0.224504418146416	0.210896711818037	0.208030916566517	0.154459379704668	0.537306815788184	0.0357419742512605	0.0943575446951769	0.0188992561854837	0.0683625562632046	0.0415943566773742	0.707798332665995	0.485703390053265	0.110011574021322	0.217729703962382	0.0999584306819238
T:	0.0963411060246767	0.101736054784139	0.283496216566611	0.331199836399792	0.126963287073442	0.118378118242471	0.0354076703795422	0.173251658944057	0.0592305788279315	0.03145540060235	0.121379104672229	0.0608493430073064	0.0858987412160195	0.103828357529219	0.298735939567202	0.49929162501453
