Protein: Sox14	Seed k-mer: ATTATAAT	Enrichment Score: 0.483585
A:	0.193171545053217	0.269798344143904	0.215772882507865	0.580838958858687	0.904889021351377	0.0926279771288167	0.192084936631151	0.789459220531882	0.0161879237438087	0.772459489715252	0.86076435977704	0.0503338750250873	0.368110095379638	0.438815043588036	0.25849654787585	0.272890236674763
C:	0.139617646535296	0.305699886334268	0.216827268097036	0.104549002050967	0.034235577137184	0.0157551319428416	0.0178131773044587	0.0109126607161095	0.1834401950082	0.0176423963491381	0.0308525311513017	0.0105415264863516	0.104923476845173	0.113910828473523	0.0783907998412707	0.289743412720135
G:	0.364670213887033	0.121123448660689	0.189842118316981	0.0886909023644182	0.0105415264863516	0.0308525311513017	0.0176423963491381	0.1834401950082	0.0109126607161095	0.0178131773044587	0.0157551319428416	0.034235577137184	0.127384795552164	0.15422414370487	0.32416623433528	0.207640036320251
T:	0.302540594524455	0.303378320861138	0.377557731078118	0.225921136725928	0.0503338750250873	0.86076435977704	0.772459489715253	0.0161879237438087	0.789459220531882	0.192084936631151	0.0926279771288167	0.904889021351377	0.399581632223025	0.293049984233571	0.338946417947599	0.229726314284852
