Protein: Sox13	Seed k-mer: GGGTGGG.A	Enrichment Score: 0.411915
A:	0.262580500860044	0.246681301545413	0.341041061776385	0.24221069941024	0.119326170493966	0.0541200376286986	0.076634198921293	0.215316251792927	0.248537601109057	0.0470485805173607	0.0719482130550363	0.123777070098005	0.294760354110912	0.516588754811955	0.350326244470927	0.311468513470977	0.185125730561764
C:	0.115233447704704	0.14285432176197	0.15435498771378	0.263917895838419	0.241913314799838	0.0361351591582349	0.0483986012049119	0.0441187958570529	0.15914124563092	0.0835702502550059	0.0350980763855986	0.0303830269691701	0.182119245224094	0.129376810180501	0.186504761207756	0.198084960584441	0.130720649717828
G:	0.405525474108779	0.145055874250982	0.306628306126907	0.11318706478303	0.117197715899286	0.784219335295476	0.788586433304884	0.663926779036418	0.0154519952192032	0.788797825101073	0.768848549463488	0.713425067728002	0.181553004230485	0.116698051801427	0.112597544272097	0.147986045239517	0.242572024613324
T:	0.216660577326473	0.465408502441634	0.197975644382929	0.380684339968311	0.52156279880691	0.125525467917591	0.0863807665689113	0.0766381733136024	0.576869158040819	0.0805833441265601	0.124105161095877	0.132414835204823	0.341567396434509	0.237336383206117	0.35057145004922	0.342460480705065	0.441581595107083
