Protein: Sox11	Seed k-mer: AATTGTT..G	Enrichment Score: 0.478605
A:	0.446656239903828	0.382524935615028	0.821408511533552	0.938190350541105	0.0123604025609658	0.021086413387148	0.174814066188102	0.0758139781622057	0.113836734258093	0.382362317063055	0.226052620312429	0.254297669020614	0.348072688597438	0.352941088531674
C:	0.1433133133641	0.118004212770492	0.00458590211308331	0.0143557317321118	0.0210854200097575	0.0157530710800782	0.0179417425653491	0.0148485083887672	0.27027370853843	0.187190065517549	0.18057022454475	0.14955305473398	0.111790691092221	0.165967688648479
G:	0.196751690275585	0.259881372727112	0.143683558022117	0.0353575393994671	0.0193610074598238	0.00912273799356541	0.793982746300552	0.0145946924976896	0.0968952238409382	0.139644526743832	0.266263856364816	0.456409233843288	0.302902702556928	0.197793623690083
T:	0.213278756456487	0.239589478887368	0.0303220283312481	0.0120963783273164	0.947193169969453	0.954037777539208	0.0132614449459974	0.894742820951338	0.518994333362538	0.290803090675563	0.327113298778004	0.139740042402117	0.237233917753413	0.283297599129764
