Protein: Sox14	Seed k-mer: A.ACAATGG	Enrichment Score: 0.47845
A:	0.191264111353179	0.105032626710687	0.126539350047832	0.641901498765395	0.153349313881808	0.934680416695302	0.0136114892631081	0.964292664865984	0.962180837079015	0.229592979092757	0.268456112849084	0.2014835243048	0.253725555838327	0.168663055296367	0.175852567025701
C:	0.345487446988958	0.130837777460563	0.333030972131945	0.114038706991217	0.532436835415208	0.00939457872601114	0.927298483792489	0.0184157267080365	0.0180042305802168	0.0163011002782822	0.0300923984111335	0.107350238310175	0.259057379945197	0.203060651209815	0.339715719575397
G:	0.212142240475291	0.33893882227108	0.233364072326004	0.195933036406916	0.272427485386911	0.0196677383398688	0.0377294982710226	0.0067238457509654	0.014592050812513	0.00763170447267902	0.51934901757991	0.588832534825434	0.242923777440851	0.347898478178996	0.301724228116487
T:	0.251106201182572	0.42519077355767	0.30706560549422	0.0481267578364721	0.0417863653160728	0.0362572662388177	0.0213605286733804	0.0105677626750137	0.00522288152825529	0.746474216156282	0.182102471159872	0.102333702559591	0.244293286775625	0.280377815314822	0.182707485282415
