Protein: Sox18	Seed k-mer: ATTGTT.T.A	Enrichment Score: 0.481065
A:	0.171923214090448	0.365499459815099	0.154238025939316	0.411934080886922	0.925906552399465	0.020207807179516	0.019255324765845	0.109433272341991	0.053351791911776	0.107006351296888	0.208320113254702	0.230911679629913	0.374917489320688	0.477406270630435	0.37509215220224	0.35208565847229
C:	0.236711266761564	0.126080277523818	0.330371368603683	0.286682081244417	0.00696037746564592	0.0140690460238645	0.00424409110661732	0.025832899954027	0.00687710679083717	0.077856761076367	0.284484331906526	0.14384879076185	0.276156352224361	0.1000351411978	0.27843478776421	0.238643495050591
G:	0.194036585436889	0.115062449286744	0.213819868920544	0.0230943299395894	0.00832446123628431	0.00836414179752946	0.00974790405910248	0.844557828439991	0.0153116289858738	0.0512828000364685	0.245064737714569	0.0752546651309812	0.167160436346755	0.175575165163372	0.13910421201196	0.148396441312978
T:	0.397328933711099	0.39335781337434	0.301570736536457	0.278289507929071	0.0588086088986044	0.95735900499909	0.966752680068435	0.0201759992639914	0.924459472311513	0.763854087590277	0.262130817124204	0.549984864477255	0.181765722108196	0.246983423008392	0.20736884802159	0.260874405164141
