Protein: Sox15	Seed k-mer: GAACAATA	Enrichment Score: 0.464295
A:	0.287333683562865	0.278683453841668	0.196937913982356	0.343772794291899	0.217682654378746	0.795637753823548	0.932914215637643	0.0185036454308504	0.960471352769404	0.966815993549448	0.0861025864873943	0.475988987848856	0.304890201188984	0.458453152596808	0.205224773065018	0.328081463089949	0.18800096564752
C:	0.139055407673713	0.214056219490967	0.172103322604187	0.0892217752118586	0.0693709028424469	0.0491438260472882	0.00888720814593034	0.893128468140957	0.00818028058529333	0.0088850461588039	0.0169531406164237	0.0130277525948449	0.0979519797655596	0.118584871698501	0.241081753016274	0.178969754319074	0.185030524623848
G:	0.124296659953654	0.27826599835143	0.339663161171758	0.198441506792018	0.485495015381176	0.0868418293855185	0.00681743664009628	0.0126239876601795	0.00994327995489361	0.00878690316583902	0.00596878036418561	0.0978443626541655	0.464158263237164	0.307694942400547	0.22489570785128	0.116465998497843	0.192397793244997
T:	0.449314248809768	0.228994328315934	0.291295602241699	0.368563923704224	0.227451427397631	0.0683765907436455	0.0513811395763305	0.0757438987680131	0.0214050866904096	0.015512057125909	0.890975492531996	0.413138896902133	0.132999555808292	0.115267033304145	0.328797766067428	0.376482784093134	0.434570716483635
