Protein: Sox13	Seed k-mer: GAACAATA	Enrichment Score: 0.47852
A:	0.269275050530216	0.188800939490125	0.368195368619617	0.497992204751502	0.13096363214903	0.825318383970439	0.959293263344067	0.0197334756027668	0.943829693620466	0.949657565129025	0.0382137438670337	0.465768706177348	0.416081924512578	0.35655623359531	0.206830127627907	0.302957673292917
C:	0.121319696955041	0.239797977159806	0.140375631261504	0.105708213434577	0.0902920306532648	0.0235307245036736	0.00764783716557287	0.898542804497412	0.00589440962838594	0.0101250364556783	0.0250632875434084	0.0168663551565899	0.0863398102159712	0.103268224064829	0.204618472376271	0.164259580202227
G:	0.165705628156632	0.175798264554096	0.162749273970459	0.282794735367547	0.620009870074418	0.125342066486174	0.0106818330348279	0.0147556582514239	0.0144837617781614	0.0297320192471074	0.00601537235638951	0.0794665033797769	0.115777717549768	0.179330754112002	0.120033532147467	0.0715736993976239
T:	0.443699624358111	0.395602818795974	0.32867972614842	0.113504846446374	0.158734467123287	0.0258088250397138	0.022377066455532	0.0669680616483977	0.0357921349729863	0.010485379168189	0.930707596233168	0.437898435286285	0.381800547721683	0.360844788227859	0.468517867848355	0.461209047107232
