Protein: Sox1	Seed k-mer: AATTCAAT	Enrichment Score: 0.4695
A:	0.341335074104892	0.380009400291981	0.20782712094957	0.139160546673647	0.667281372968029	0.897055116970189	0.0603330735892669	0.1304936866992	0.0560931113149673	0.904261969122352	0.588412417902525	0.158432911460079	0.496600394150769	0.357984579655763	0.298781322385046	0.135265151873062
C:	0.227797514464033	0.156597435996093	0.176316768533173	0.45897358534508	0.0985412804814547	0.0307359232226776	0.0256259891741745	0.0209738215997652	0.674261399350553	0.0277680089015449	0.0681745295817121	0.0713451465468457	0.116895843501346	0.265666719126299	0.11081948892131	0.162353379519618
G:	0.0918750570717014	0.176978450169656	0.23351905237721	0.109464066043799	0.030155079355697	0.0150727230067582	0.0199651337329149	0.0277789606764124	0.239771930225467	0.0185591744836663	0.0496162995621649	0.0458551125325694	0.150191527916764	0.168625618657506	0.284742959143686	0.318627104214371
T:	0.338992354359374	0.286414713542271	0.382337058140047	0.292401801937473	0.204022267194819	0.0571362368003754	0.894075803503644	0.820753531024623	0.029873559109012	0.049410847492437	0.293796752953598	0.724366829460506	0.236312234431121	0.207723082560432	0.305656229549958	0.383754364392949
