Protein: Sox18	Seed k-mer: TGAATTCA	Enrichment Score: 0.409905
A:	0.233450161931124	0.164158621021835	0.366008364849163	0.111203865824073	0.0377720364100832	0.361570043267775	0.644866690990704	0.847542974271445	0.0618699018901137	0.101849298353451	0.1451620620676	0.549056199978793	0.256652811095245	0.288178367412808	0.284269889440176	0.288580448711648
C:	0.135590748126185	0.195257256960119	0.174902145183285	0.386494011729303	0.262982803148603	0.0403309702835046	0.179213984596252	0.0236931753055282	0.0668939485329133	0.0740700260595928	0.45293692438112	0.150188960462521	0.170744553271165	0.121185313915577	0.341601752851283	0.309961332453298
G:	0.449351229829624	0.355715042107995	0.291705061060094	0.313801850275578	0.150188960462521	0.45293692438112	0.0740700260595928	0.0668939485329133	0.0236931753055282	0.179213984596252	0.0403309702835046	0.262982803148603	0.197090601320515	0.335591883029961	0.127009156621074	0.22276547958401
T:	0.181607860113066	0.28486907991005	0.167384428907458	0.188500272171046	0.549056199978793	0.1451620620676	0.101849298353451	0.0618699018901137	0.847542974271445	0.644866690990704	0.361570043267775	0.0377720364100832	0.375512034313075	0.255044435641654	0.247119201087467	0.178692739251044
