Protein: Sox17	Seed k-mer: AACAATT.A	Enrichment Score: 0.48023
A:	0.384811122065384	0.309401910444869	0.481080003121271	0.767682692476941	0.721907475794838	0.0158429100916383	0.946040694648525	0.968743843063923	0.0199189182942956	0.184774551782774	0.391691180380868	0.686419199696129	0.416934515081187	0.272942917447225	0.388624417397956
C:	0.284699995680729	0.14854686553551	0.0635218825550484	0.0763385238003907	0.0204233035479811	0.855727645001041	0.0140764189805596	0.00360203001801266	0.0127135996504221	0.0205943603133389	0.169605918224298	0.0861262833029379	0.101839027453514	0.305786858383214	0.124150433789441
G:	0.175936165919155	0.18280686645243	0.236227324414992	0.0786885511411749	0.0212082032160916	0.0378027538972919	0.00620154857903058	0.0107835528667474	0.00507196699290205	0.0793379223496293	0.345341798490962	0.0775920542024977	0.0628477401934789	0.124570568362191	0.177103513966848
T:	0.154552716334732	0.359244357567191	0.21917078990869	0.0772902325814935	0.236461017441089	0.0906266910100284	0.0336813377918851	0.0168705740513167	0.96229551506238	0.715293165554258	0.0933611029038719	0.149862462798436	0.41837871727182	0.296699655807371	0.310121634845755
