Protein: Sox11	Seed k-mer: AACAAAGG	Enrichment Score: 0.48838
A:	0.351811545436961	0.195246204307753	0.349477988487625	0.484060586181059	0.276692468528496	0.859123624547716	0.975607652736919	0.00642170716832199	0.987489113369283	0.987739015303527	0.693012903872236	0.189100471224046	0.352090223836361	0.542316158882741	0.196381552078634	0.289414770282023	0.38580059776599
C:	0.238466670497589	0.235838036115284	0.172616015313166	0.110438146424769	0.0707125502486551	0.0441674862716732	0.00202866092490837	0.978484773265829	0.00302530443715363	0.00546349178158066	0.00406687786548861	0.00367732649287211	0.0725165932814051	0.176545485164813	0.30417633672557	0.201357869867416	0.216361723657016
G:	0.14395406016214	0.281473015834307	0.210738961924615	0.173131370156296	0.479603827897476	0.0839513621706753	0.0022845665538867	0.00712417588265279	0.00286820372478409	0.00273040506554704	0.00244533486668796	0.801408313367259	0.567736744277851	0.192767552945325	0.205985485209143	0.182937163770333	0.152363058658891
T:	0.26576772390331	0.287442743742657	0.267167034274594	0.232369897237876	0.172991153325372	0.0127575270099355	0.0200791197842863	0.00796934368319638	0.00661737846877881	0.00406708784934494	0.300474883395587	0.00581388891582339	0.00765643860438309	0.0883708030071221	0.293456625986653	0.326290196080228	0.245474619918103
