Protein: Sox17	Seed k-mer: CATTCAT..A	Enrichment Score: 0.433995
A:	0.216055901154646	0.321065358716414	0.166478837891985	0.18564711320337	0.416451276218736	0.070777029543397	0.764582553711627	0.0352939961526117	0.15317845326294	0.0765398713241311	0.76435710276035	0.130143372954465	0.402683586845747	0.189783848682538	0.475181374812225	0.472285754635074	0.215278445984348
C:	0.230834306704535	0.233860238670488	0.32142306671619	0.499037532525286	0.221509673631001	0.581760682602935	0.0856349201598115	0.112637903588846	0.0463205756654415	0.825062375758265	0.0603654136337017	0.178946295367058	0.154010405923483	0.349553238312399	0.145275523906748	0.151639102727809	0.186803883837266
G:	0.39985712808883	0.135740830005465	0.209462609818138	0.152354652527432	0.168644528007294	0.126392218134348	0.0319931729886994	0.0386637284682322	0.0561607007760325	0.0554092412930199	0.119860707341596	0.153266202729084	0.357673963981936	0.176964868781179	0.256449454793505	0.172736175694181	0.213019806150733
T:	0.153252664051988	0.309333572607633	0.302635485573688	0.162960701743912	0.193394522142969	0.22107006971932	0.117789353139862	0.81340437179031	0.744340270295586	0.0429885116245845	0.0554167762643526	0.537644128949394	0.0856320432488336	0.283698044223884	0.123093646487522	0.203338966942936	0.384897864027653
