Protein: Sox12	Seed k-mer: ATTGTT.T.A	Enrichment Score: 0.487775
A:	0.124600108378982	0.416814340424028	0.844858768501804	0.0107987886323304	0.0219106511311193	0.0475148254756741	0.0241611822722466	0.0355512429309981	0.227803020030209	0.15848604015396	0.290539467929938	0.565848469426853	0.421398545442328	0.272834374071047
C:	0.227557793863412	0.237035735138508	0.00460950844105282	0.0121564150232051	0.00266245287623842	0.012475815419348	0.00436775588102492	0.0637757854728007	0.424131450131416	0.11047739593612	0.259107728013035	0.109529470260364	0.149321902294436	0.280516580420355
G:	0.113860499270381	0.0254277333821474	0.0098217611317909	0.0102732642095826	0.00726835214772045	0.92639309689084	0.00562230926358238	0.0230575126379233	0.175089476594127	0.0704307560311525	0.202704363353513	0.105361453504283	0.091820977616849	0.19740263464936
T:	0.533981598487225	0.320722191055317	0.140709961925353	0.966771532134882	0.968158543844922	0.0136162622141376	0.965848752583146	0.877615458958278	0.172976053244248	0.660605807878767	0.247648440703513	0.219260606808501	0.337458574646386	0.249246410859238
