Protein: Sox1	Seed k-mer: T.ATTGTTA	Enrichment Score: 0.409915
A:	0.311194564802669	0.16743521072693	0.45500764557305	0.0737161191673871	0.568590462317286	0.713176177156158	0.0521741318895957	0.0540481702960656	0.0626091103329794	0.0194115218538321	0.025514194780326	0.58920645593036	0.139528799617541	0.0991363548569933	0.221256794399886
C:	0.320760813908563	0.254705321722824	0.141911704134354	0.141296815820268	0.149220037736421	0.0435372979827921	0.0569179486481727	0.0629319215973365	0.0864973648218519	0.0269264753473092	0.121632721752805	0.202387437953053	0.144612827484723	0.393669940695422	0.260915220282398
G:	0.168207365036725	0.172347089750888	0.23879519705945	0.0532957258383248	0.096523004365926	0.154069740595821	0.0316108453942867	0.0478854603750129	0.830337735562239	0.0411780029105226	0.159655129129633	0.156463260272856	0.355593579610716	0.195997427775468	0.36326274247222
T:	0.199837256252043	0.405512377799358	0.164285453233146	0.73169133917402	0.185666495580367	0.0892167842652284	0.859297074067945	0.835134447731585	0.0205557892829294	0.912483999888336	0.693197954337236	0.0519428458437304	0.36026479328702	0.311196276672117	0.154565242845496
