Protein: Sox21	Seed k-mer: AATTGTTC	Enrichment Score: 0.47828
A:	0.289826607491113	0.31288937144169	0.0877361082305793	0.156538292453792	0.456458251931223	0.879377955762553	0.0138742241551464	0.0314670362001093	0.0222434185928507	0.0768158044503879	0.0360518063231553	0.0276577083153519	0.2425041891846	0.220769120055768	0.259092672972787	0.23334573626839	0.348477599300986
C:	0.292323436469433	0.255970568632168	0.328581379497138	0.422710376259673	0.154377579899848	0.0180015373818356	0.0502868798455564	0.021631532849826	0.104165233157392	0.021064957794915	0.19053921440011	0.616331024870661	0.348122512627449	0.224222837039491	0.309094201414541	0.199361133755186	0.202338815990028
G:	0.257900724166653	0.306274999560992	0.156985296126418	0.236666739879738	0.0336178871298322	0.0365903059435055	0.0155163870914373	0.0166944015304716	0.852561452600516	0.0172144714756589	0.137526896274438	0.198059527488491	0.230614004069956	0.288142737171763	0.164255222308933	0.253780473370826	0.278030721480578
T:	0.159949231872801	0.124865060365151	0.426697216145865	0.184084591406797	0.355546281039097	0.0660302009121063	0.92032250890786	0.930207029419593	0.0210298956492413	0.884904766279038	0.635882083002297	0.157951739325497	0.178759294117996	0.266865305732978	0.267557903303739	0.313512656605598	0.171152863228408
