Protein: Sox21	Seed k-mer: ATTATAAT	Enrichment Score: 0.48549
A:	0.249698155745041	0.342515764569548	0.206670832333835	0.381631123493069	0.852801329214729	0.121572269687676	0.235665435442787	0.820305241155027	0.0376281431033794	0.726292311937706	0.822498032833887	0.104714224951961	0.362404557874601	0.404697345278116	0.392091992999153	0.235375573614098
C:	0.249634869904421	0.198873049688775	0.209791759824176	0.17961924709811	0.0221754917552313	0.0252779181796143	0.0173841347544691	0.018913524597772	0.123153091143821	0.0206581178650381	0.0306517792988232	0.0203089540780788	0.0778532181878593	0.0744907385948414	0.0823212755041315	0.146509882886743
G:	0.14485067571968	0.110297932373229	0.178813313133409	0.16456606042542	0.0203089540780788	0.0306517792988232	0.0206581178650381	0.123153091143821	0.018913524597772	0.0173841347544691	0.0252779181796143	0.0221754917552313	0.124913899884947	0.255296140970992	0.211657085296653	0.328923184279296
T:	0.355816298630858	0.348313253368448	0.40472409470858	0.274183568983401	0.104714224951961	0.822498032833887	0.726292311937706	0.0376281431033794	0.820305241155027	0.235665435442787	0.121572269687676	0.852801329214729	0.434828324052592	0.26551577515605	0.313929646200063	0.289191359219862
