Protein: Sox30	Seed k-mer: ATTATAAT	Enrichment Score: 0.46232
A:	0.17376139887326	0.456697546376167	0.349258479564044	0.152662396197377	0.771967629495355	0.079075376386719	0.0303499867060522	0.844346908202173	0.0480679890607938	0.876455884760354	0.842940102843451	0.0896078940820727	0.466958070725858	0.199143880348961	0.226567832916474	0.212758738531711
C:	0.207736030291338	0.266381562403581	0.192281470249078	0.21784884726163	0.111771149422739	0.0355138395326876	0.0575040081917617	0.0619912586943813	0.0455938440426516	0.0356901203418323	0.0424706812371424	0.0266533269998333	0.29251703216414	0.413076030687322	0.226479969200106	0.253466456755607
G:	0.102554618090301	0.120798423320342	0.201358276003078	0.403406368080036	0.0266533269998333	0.0424706812371424	0.0356901203418323	0.0455938440426516	0.0619912586943813	0.0575040081917617	0.0355138395326876	0.111771149422739	0.130393953165267	0.198323855811017	0.464078876203749	0.384995173045454
T:	0.515947952745101	0.15612246789991	0.257101774183799	0.226082388460956	0.0896078940820727	0.842940102843451	0.876455884760354	0.0480679890607938	0.844346908202173	0.0303499867060522	0.079075376386719	0.771967629495355	0.110130943944735	0.189456233152699	0.0828733216796711	0.148779631667228
