Protein: Sox30	Seed k-mer: A.AACAAT.G	Enrichment Score: 0.48458
A:	0.372431587847723	0.328072445184041	0.289417276219946	0.157570635968506	0.71683245270029	0.957368480323365	0.00390699696931842	0.977231374650221	0.976480782162639	0.0675676567196513	0.158205451551788	0.334548516762571	0.456431311104481	0.387484843012785	0.188387091264028	0.175680134768147
C:	0.102932600352452	0.182070832634869	0.0845113972466743	0.227851235158788	0.0490096040605294	0.00316216374969058	0.862677990119849	0.00765842293296904	0.00451000846123445	0.00435334660781894	0.108441529439015	0.0915570184057126	0.182602423755774	0.241061744643086	0.269856659543221	0.243984321494865
G:	0.322144665234647	0.157347087197586	0.292873071692095	0.441661535510438	0.201411154392393	0.00440176036596378	0.00940664542837639	0.00426287661970583	0.0152253643989566	0.00507062946074813	0.467023238759457	0.510240714820279	0.150233803398952	0.151503802570728	0.176514149490243	0.16583323731666
T:	0.202491146565178	0.332509634983504	0.333198254841285	0.172916593362268	0.0327467888467875	0.0350675955609802	0.124008367482456	0.010847325797104	0.00378384497716996	0.923008367211782	0.26632978024974	0.0636537500114381	0.210732461740794	0.219949609773402	0.365242099702508	0.414502306420329
