Protein: Sox4	Seed k-mer: AACAAAGG	Enrichment Score: 0.49105
A:	0.427842572789363	0.196506176125012	0.30248778869095	0.433872264604653	0.258425807727828	0.841713747130361	0.983853194138512	0.00346016595428513	0.98974312065547	0.990761056992417	0.770863582178803	0.235342262689836	0.371426267710695	0.480804413614258	0.187158131023569	0.24800559105046	0.40336663223274
C:	0.231209885840666	0.23953097940926	0.15692180211345	0.149125591563705	0.0765111712391901	0.0464534482162027	0.00161162311779993	0.982031983718469	0.00225323008550193	0.00339683306167941	0.00353958722049419	0.00259752418269353	0.0895743250609299	0.196949276381682	0.355101608099567	0.232182425899897	0.177683937139361
G:	0.119424495231485	0.304905702366079	0.290189654415998	0.196496298085613	0.475100347532089	0.099914948285076	0.00136157177276975	0.00572792794852066	0.00201986205743243	0.00284254872720905	0.00154895062193849	0.757383179556191	0.529959356455727	0.240413065960198	0.216598675630265	0.157451568350902	0.164648936398726
T:	0.221523046138486	0.259057142099649	0.250400754779601	0.220505845746029	0.189962673500892	0.0119178563683601	0.013173610970918	0.00877992237872498	0.00598378720159599	0.00299956121869475	0.224047879978764	0.00467703357127942	0.00904005077264836	0.0818332440438627	0.241141585246599	0.362360414698741	0.254300494229173
