Protein: Sox4	Seed k-mer: AATTGTT..G	Enrichment Score: 0.48098
A:	0.215023293208947	0.26893480519795	0.466166579254419	0.414137724092173	0.428151512047306	0.787400580551053	0.925552104425075	0.0107326852685267	0.0213176601477666	0.120731757728547	0.098710708789472	0.131661047680249	0.341627313207563	0.234382967946898	0.290323796001598	0.308101948531218	0.44644052955124
C:	0.248814927483438	0.237160167573394	0.161619574689944	0.111006088386945	0.102176597459939	0.00582781107734463	0.0106017834841671	0.0209003649552905	0.0139841621611844	0.02820401092993	0.0117178569743689	0.240511480401164	0.204369139973437	0.267101847000854	0.0957691163225216	0.178523991376099	0.15597802658334
G:	0.405445918800489	0.296763284838436	0.117910014700757	0.235586731955337	0.293859883244986	0.17130965164418	0.040810640009886	0.0134147562976564	0.00829435212008154	0.837596698759447	0.0100213153938753	0.0900873551537985	0.243902301257066	0.292974070972934	0.424669116240563	0.283337881446873	0.20926723776475
T:	0.130715860507127	0.19714174239022	0.25430383135488	0.239269455565545	0.175812007247769	0.0354619567274222	0.0230354720808715	0.954952193478526	0.956403825570967	0.0134675325820757	0.879550118842284	0.537740116764789	0.210101245561934	0.205541114079313	0.189237971435317	0.230036178645809	0.18831420610067
