Protein: Sox5	Seed k-mer: GAACAATA	Enrichment Score: 0.48891
A:	0.305367525598761	0.257878985150299	0.257634887325775	0.446807550096751	0.1482916528539	0.827591951615114	0.976345176589411	0.00523035880768994	0.973416577771869	0.974095358869726	0.0306244954273796	0.491667258384474	0.451773242840785	0.434242037911545	0.333464396550829	0.333643897558519
C:	0.133033289284834	0.197075775258433	0.122461891434536	0.0936188291465091	0.0912292120474592	0.0261736073422668	0.00381695953710025	0.937364063171107	0.00301428684206202	0.0043502302979347	0.0119268800104387	0.0154528310646862	0.100303976297927	0.114441868108554	0.254827710612192	0.114919222123123
G:	0.173232889333489	0.146871500604311	0.256978870404036	0.289963496458245	0.632310597280367	0.130622076842162	0.00545196833232005	0.00890377418381935	0.0061360950239892	0.0114245810042119	0.00379519695371707	0.0854807079261372	0.244084355220231	0.217048671636429	0.0927290065833367	0.184420078078427
T:	0.388366295782917	0.398173738986956	0.362924350835654	0.169610124298494	0.128168537818274	0.0156123642004575	0.014385895541169	0.0485018038373833	0.0174330403620794	0.0101298298281278	0.953653427608465	0.407399202624703	0.203838425641057	0.234267422343472	0.318978886253642	0.367016802239932
