Protein: Sox5	Seed k-mer: CATAATT.A	Enrichment Score: 0.396485
A:	0.246578824550158	0.352611296766834	0.249498660378211	0.00750949461072121	0.566572318573942	0.149303934412141	0.540014623524312	0.755322813500231	0.170384556658219	0.0971706447240978	0.348301905672527	0.602718110357332	0.142863984092632	0.252334194715598	0.285758240479904
C:	0.230352422347537	0.21868526551623	0.128873063600812	0.736577392305127	0.0592585509291346	0.0240618378493802	0.27910787894538	0.101222224481517	0.0954060736808783	0.227591113415838	0.171086980072369	0.200283945461706	0.302783814713419	0.240815350195481	0.214949760158231
G:	0.241808372138854	0.156655489800209	0.215834456409464	0.0874808472008196	0.191060229142983	0.164680260870031	0.133921456741945	0.0383146549863443	0.09295751671874	0.0655096117351651	0.180187431238016	0.114330144323851	0.453242784324801	0.258541244745317	0.251056901444146
T:	0.281260380963451	0.272047947916727	0.405793819611513	0.168432265883333	0.183108901353941	0.661953966868447	0.0469560407883626	0.105140307031908	0.641251852942162	0.609728630124899	0.300423683017089	0.082667799857111	0.101109416869148	0.248309210343605	0.248235097917719
