Protein:  Sox7-secondary	Seed k-mer:  ATTGT.TG.G	Enrichment Score:  0.467492340930746
A:	0.0676269210513709	0.15648759920183	0.206450329514005	0.0907285103483786	0.28599401815575	0.635908339245877	0.748421256985201	0.0813417063769118	0.143119840259339	0.247544443947249	0.295530617321157	0.194561015194024	0.175037547221976	0.145226405115317	0.271500686925427	0.216834319626577	0.182623511460473	0.331736767340599	0.230155319980942	0.0565808854176241	0.198890799582758	0.181967957034691
C:	0.131333414287503	0.114442160741864	0.265630015355441	0.460712807069886	0.0999978882546272	0.184787315702642	0.0392040980373876	0.0613271017618581	0.0438789865774616	0.0921017083862118	0.036295065214235	0.305467930984036	0.193568467786928	0.167487734452512	0.237429459151282	0.109190889923394	0.177160141623249	0.198644640892045	0.35936513571497	0.0672973974209182	0.324626079092249	0.287547460697744
G:	0.654425150048183	0.145629592465618	0.358016992710076	0.274711812269516	0.154485496977574	0.0729816662280879	0.0926052017983512	0.0445319765801643	0.0242159475130884	0.621452708475432	0.0275944705353764	0.339915636269032	0.101212203672109	0.559871276443215	0.206700516983896	0.569605260587763	0.300474621817619	0.265136944969055	0.183450096231086	0.463051902055891	0.304423628683607	0.20241869798341
T:	0.146614514612943	0.583440647590689	0.169902662420478	0.17384687031222	0.459522596612049	0.106322678823392	0.11976944317906	0.812799215281066	0.788785225650111	0.0389011391911066	0.640579846929231	0.160055417552909	0.530181781318986	0.127414583988956	0.284369336939395	0.104369529862266	0.339741725098659	0.2044816467983	0.227029448073003	0.413069815105566	0.172059492641387	0.328065884284155
