Protein:  Sox7-primary	Seed k-mer:  AACAATAG	Enrichment Score:  0.486519224530013
A:	0.360996773741505	0.30974897730256	0.149418579312398	0.379703677116989	0.394548873946217	0.443749398557713	0.364301280855949	0.791976370383717	0.963721364125367	0.00451585288003437	0.981080355554853	0.98618534039735	0.0595665160777598	0.495328015466572	0.305026953390755	0.418441866949921	0.336712690560082	0.192296316833772	0.240387391328764	0.290762801590794	0.224825060712423	0.493240384641027
C:	0.300271710294964	0.228429314978348	0.176868473848436	0.0957911580659506	0.174184044405055	0.0707763805723216	0.0743559364431574	0.038475449709766	0.00182560397145858	0.954596362293047	0.00206236185562131	0.00184641499156398	0.00364890129236098	0.0242572067008656	0.094878457215375	0.196236814131357	0.220452284213954	0.300342201337499	0.144634194599914	0.27125948120843	0.296233000221474	0.171285075874206
G:	0.115554793568696	0.166232956821617	0.240155343781672	0.276372566941861	0.130640625117051	0.211080748036031	0.370406466305188	0.0933895612317687	0.00245636087279301	0.00809184483322201	0.00216057137703238	0.00697583136083069	0.00218944647310086	0.240449890456247	0.526069259176989	0.158323381967918	0.191155142122828	0.169046820660211	0.128513368436331	0.11660033032287	0.229254749819877	0.0751484426479677
T:	0.223176722394835	0.295588750897476	0.433557603057494	0.248132597875199	0.300626456531676	0.274393472833934	0.190936316395705	0.0761586186747479	0.0319966710303809	0.0327959399936966	0.0146967112124934	0.00499241325025531	0.934595136156778	0.239964887376316	0.0740253302168808	0.226997936950803	0.251679883103136	0.338314661168518	0.486465045634991	0.321377386877906	0.249687189246226	0.2603260968368
