Protein: Sox8	Seed k-mer: AATTGTTC	Enrichment Score: 0.47978
A:	0.244952250788826	0.244434406145468	0.51202516185854	0.190001077397856	0.154691841387878	0.384623629167745	0.945020910186443	0.00838641996980646	0.0209081741185516	0.149284731424732	0.110990225788275	0.0872828877132973	0.250662321949281	0.251276820682186	0.205120933475494	0.316795537173908	0.475863941466118
C:	0.197659357756044	0.136005688470899	0.129954449300958	0.0862315331171611	0.325860135100535	0.130539742961574	0.00671285008229749	0.0266302031409908	0.00555370825841676	0.0389945659964592	0.00715484472816406	0.0996711752054169	0.432575706903183	0.174578219601962	0.13765594343082	0.152457212286632	0.128717404508578
G:	0.278014329336732	0.278446192542657	0.139069123836988	0.125499988075302	0.193904262775824	0.0351102839801975	0.0119751036940637	0.00416644571724639	0.00929399626408114	0.806085248786965	0.00779682379548842	0.0596111863073939	0.0821520939800445	0.147770510036202	0.296365724067665	0.164403339036518	0.153551392728185
T:	0.279374062118398	0.341113712840976	0.218951265003513	0.59826740140968	0.325543760735763	0.449726343890483	0.0362911360371953	0.960816931171956	0.96424412135895	0.0056354537918441	0.874058105688073	0.753434750773892	0.234609877167492	0.426374449679651	0.360857399026021	0.366343911502942	0.241867261297118
