Protein: Sox8	Seed k-mer: ATTCATG..A	Enrichment Score: 0.45965
A:	0.411937175299342	0.171108520940362	0.848636810350877	0.0227104857920406	0.0345381923219609	0.0600211034051851	0.910428780576831	0.0499703351708143	0.232806925711358	0.417735041843669	0.264283831633299	0.524448839037564	0.196319785493594	0.227144161682586
C:	0.172671332736327	0.496660326437858	0.0383383199445882	0.0278851650629296	0.0176162763662484	0.807533941075992	0.0164506223437565	0.117801350939192	0.0932634390622581	0.187636202838869	0.335680358499784	0.203844472609763	0.287667372065113	0.276267396423563
G:	0.20587195038275	0.132111221488979	0.0186551802489098	0.0322935833138911	0.0221841164924794	0.0297263562300359	0.0628620409040661	0.164018783488577	0.568720072973861	0.16011482986719	0.203995050578312	0.113371061958023	0.277580504789393	0.368394372569987
T:	0.20951954158158	0.200119931132801	0.0943696894556253	0.917110765831139	0.925661414819311	0.102718599288788	0.0102585561753462	0.668209530401417	0.105209562252523	0.234513925450272	0.196040759288605	0.158335626394649	0.2384323376519	0.128194069323864
