Protein: Sp100	Seed k-mer: CGTCG..TAA	Enrichment Score: 0.481075
A:	0.121526868834704	0.13949804072987	0.117582640679479	0.0476687564663744	0.170226465642055	0.0286977874478734	0.0296433147305687	0.217031886547908	0.122290621138044	0.163480174612115	0.662318900855654	0.608197075335839	0.420638990560045	0.33202590406268	0.155857421369403
C:	0.301306595803046	0.362712585798648	0.681448456883569	0.0300857133020482	0.102195984086672	0.940593313668115	0.0303153600156743	0.360572574510661	0.216246103471431	0.120996006160444	0.0641127728185081	0.108227437336873	0.144577459849267	0.206552232163012	0.264945781029885
G:	0.180154745514129	0.312252387062824	0.0669537709673337	0.903231101122884	0.0727563673152728	0.0176754474553554	0.911277078513077	0.201883320347318	0.274158710211832	0.185701247073994	0.0385112069981063	0.106516031366772	0.0854775832980062	0.217711323274191	0.317959955145965
T:	0.397011789848121	0.185536986408657	0.134015131469618	0.0190144291086931	0.654821182956	0.0130334514286561	0.0287642467406804	0.220512218594114	0.387304565178694	0.529822572153446	0.235057119327732	0.177059455960516	0.349305966292682	0.243710540500117	0.261236842454747
