Protein: Sp100	Seed k-mer: TT..CGGAAA	Enrichment Score: 0.47542
A:	0.39873852495618	0.320698796727274	0.157015297805762	0.271346572636928	0.221418436676526	0.312756696579321	0.00282610270120303	0.00211245043186831	0.0897812520385482	0.777901957332929	0.872234463688342	0.707480898631662	0.488552266697754	0.187811004928595
C:	0.130866834931474	0.027975079963073	0.0315831289582951	0.151934405807327	0.241702546131557	0.303979856025763	0.987021033605246	0.121645121808968	0.088889530437363	0.0814935111164949	0.0124342799565988	0.0477815530498098	0.135945954881275	0.111904179807271
G:	0.338755578079987	0.0634662440040444	0.0416112366565268	0.038803528961829	0.174144846627569	0.166493504529014	0.00711481609529092	0.874128737688061	0.590612861358673	0.0610897523170966	0.0250442952311877	0.0286966251317726	0.0987897752573325	0.208223488184958
T:	0.131639062032358	0.587859879305609	0.769790336579416	0.537915492593916	0.362734170564348	0.216769942865901	0.00303804759826029	0.00211369007110284	0.230716356165416	0.0795147792334794	0.0902869611238717	0.216040923186756	0.276712003163638	0.492061327079177
