Protein: Sp4	Seed k-mer: AGGCGTG.C	Enrichment Score: 0.48751
A:	0.146334023119284	0.493155383150446	0.503592857967289	0.763321236911991	0.0124152933433829	0.00671265218803224	0.0624149295728282	0.011009794281707	0.0127852825584847	0.133595087758648	0.140696831265335	0.0362805809769257	0.157910409531115	0.292185093316507	0.251107068488547
C:	0.312325597002158	0.0926092319702565	0.0598625691467358	0.0152640847274256	0.0259324823928593	0.0152208224592375	0.834302710434987	0.0206765064998617	0.0241624261199451	0.0339621383800899	0.180480862797504	0.806411569004042	0.408607000263642	0.260016972273344	0.124479516647001
G:	0.244280601437075	0.162506333314667	0.0775608807031628	0.213113532750624	0.94550161178228	0.95009806626886	0.0545000523171742	0.928820571547922	0.145821531650822	0.787876170857959	0.428252547296935	0.0335104472596395	0.122427178461432	0.197515406696606	0.359446652983103
T:	0.297059778441483	0.25172905156463	0.358983692182812	0.00830114560995977	0.0161506124814777	0.0279684590838698	0.048782307675011	0.0394931276705095	0.817230759670749	0.0445666030033028	0.250569758640227	0.123797402759393	0.31105541174381	0.250282527713542	0.264966761881349
