Protein: Sp4	Seed k-mer: CCGCCCCC	Enrichment Score: 0.498005
A:	0.155385867125738	0.24710594156098	0.238888909497845	0.255611547856029	0.450099807905764	0.00370430746533918	0.0355041858595003	0.00149399890444465	0.00304495737092708	0.00099013692999289	0.148016385784537	0.01426096303067	0.0833943838858563	0.149140759751803	0.204851429799065	0.184441703349943	0.125793315789729
C:	0.223379908684408	0.159582423253059	0.258353646301407	0.489585775101032	0.54538286524018	0.991006930555547	0.00181410999878967	0.991405937202864	0.990628192689339	0.963237475413559	0.838395609662511	0.90584734654312	0.270068043990045	0.286782855646684	0.347194995310561	0.299908317424686	0.380109357776509
G:	0.374453736524844	0.34511072795963	0.165303662916098	0.0516207777398174	0.00107060856613855	0.00245624309388698	0.928128938172925	0.00341363892166865	0.00518170214055643	0.00121529697527436	0.000665945406613009	0.00719993812148867	0.0583679644801225	0.142801967199334	0.253356236060702	0.194407991476757	0.245317795034588
T:	0.24678048766501	0.248200907226332	0.33745378128465	0.203181899303122	0.00344671828791745	0.00283251888522699	0.0345527659687848	0.00368642497102239	0.00114514779917707	0.0345570906811733	0.0129220591463386	0.0726917523047208	0.588169607643976	0.421274417402179	0.194597338829671	0.321241987748614	0.248779531399174
