Protein: Spdef	Seed k-mer: A.ATCCTA.T	Enrichment Score: 0.47188
A:	0.249693229133495	0.417536514056693	0.241753258833526	0.351467913655345	0.685401407524721	0.105541916292342	0.76895761602382	0.0350142443620387	0.0264109445097569	0.022321112824925	0.0275631144082371	0.773436365666799	0.0338768710467958	0.285242813631303	0.446071875539774	0.302102000568494
C:	0.170110994014935	0.133629638756869	0.248691292666285	0.208028176405789	0.0484284418027653	0.546881122561547	0.014653202867741	0.0192090294012726	0.928141616489239	0.922707141376371	0.0888414619216167	0.0424784921090587	0.188821994625505	0.151973044972377	0.155307461322715	0.16357015590907
G:	0.349461577222325	0.158771513974193	0.251987083217078	0.178364590257632	0.173290003342651	0.114355048895735	0.109428540827249	0.0221458110566524	0.0156174592094188	0.0298266139790462	0.0365488465117593	0.00887778614019146	0.507219149723882	0.0569208187794407	0.182833252777452	0.398526957732952
T:	0.230734199629244	0.290062333212245	0.25756836528311	0.262139319681233	0.0928801473298624	0.233221912250376	0.10696064028119	0.923630915180036	0.0298299797915855	0.0251451318196574	0.847046577158387	0.175207356083951	0.270081984603817	0.50586332261688	0.21578741036006	0.135800885789485
