Protein: Spdef	Seed k-mer: A.ATCCGG.T	Enrichment Score: 0.494225
A:	0.278138663451523	0.191852586154244	0.490437345259558	0.0921098429833043	0.714688447568373	0.0170381552380117	0.0054107853387172	0.00594545862533077	0.00128190775310239	0.0025178541066938	0.567474141945086	0.178375040695801	0.255647058982349	0.184053757917469	0.145244661479756	0.0932492995575069
C:	0.269446334101973	0.289568582178003	0.0274820153754773	0.612324355539248	0.00717710579944259	0.014836290055831	0.986819604361775	0.989961216628266	0.00613103131060298	0.0870090846684317	0.0709090838639353	0.0586263703440611	0.250555238916486	0.303968300974795	0.233809801241898	0.313763360041518
G:	0.332077691942655	0.165369600024328	0.446684144015974	0.134575964244209	0.04295148986405	0.00616522692357483	0.00571643991767482	0.0016293145789876	0.872195002852189	0.857394900503287	0.194014632591478	0.0413252672473403	0.158034944170352	0.126490639318755	0.150000127558106	0.190482406657659
T:	0.120337310503848	0.353209231643425	0.0353964953489905	0.160989837233239	0.235182956768135	0.961960327782582	0.00205317038183289	0.00246401016741536	0.120392058084105	0.0530781607215875	0.167602141599501	0.721673321712798	0.335762757930812	0.385487301788981	0.47094540972024	0.402504933743316
