Protein: Srf	Seed k-mer: CC.TATA.GG	Enrichment Score: 0.498985
A:	0.278472329056402	0.313612436384575	0.0450638240416241	0.0143842320113149	0.588619905118952	0.311986445583098	0.722440795998168	0.23373225177466	0.667720156401657	0.34583582826884	0.163783729380061	0.0309562332340583	0.323024028764188	0.63508449111649
C:	0.172934272925286	0.160867733681611	0.907179599403379	0.812843025997724	0.0453122672033418	0.0112794707562629	0.0094934220022301	0.0343335302249424	0.00901392725898264	0.0308468689176921	0.00898901261090061	0.0168003433209387	0.190477704384159	0.145860637694414
G:	0.136790007371991	0.157654907426547	0.0168003433209387	0.00898901261090061	0.0502055687862619	0.00901392725898264	0.0343335302249424	0.0094934220022301	0.0112794707562629	0.019375319335328	0.812843025997724	0.907179599403379	0.168762305843802	0.0976038758566906
T:	0.411803390646321	0.367864922507266	0.0309562332340583	0.163783729380061	0.315862258891444	0.667720156401657	0.23373225177466	0.722440795998168	0.311986445583098	0.60394198347814	0.0143842320113149	0.0450638240416241	0.31773596100785	0.121450995332406
