Protein: Sry	Seed k-mer: A..GAACAAT	Enrichment Score: 0.48033
A:	0.219739533873403	0.2424324015569	0.327415334256311	0.263415229557664	0.259356494160781	0.315458068857856	0.572255983381212	0.881847292598791	0.0281338560212161	0.921133237703255	0.913641574324625	0.131537019805611	0.412203871516078	0.247458194300371	0.282951180655505	0.176057878673892	0.172201296577672
C:	0.291283177320055	0.28270003420397	0.133991870627096	0.30433341001962	0.177509998232495	0.184946765580104	0.199521330470728	0.0208183072265469	0.863209629643114	0.0231791587362099	0.0295565847657142	0.0350778387136344	0.0696685671681947	0.179342089443594	0.233823874949009	0.32515936706764	0.209999882541714
G:	0.118754607493315	0.205911990162756	0.255532380786285	0.213667898543846	0.294273518366111	0.44444013894001	0.180616428972015	0.032731335830331	0.0529772965821698	0.0363599259463075	0.0288296813199024	0.0335682691248468	0.27943867419472	0.390492866739678	0.324888717682856	0.163416423097193	0.453745551721415
T:	0.370222681313227	0.268955574076374	0.283060414330308	0.21858346187887	0.268859989240614	0.0551550266220305	0.0476062571760449	0.0646030643443314	0.0556792177534998	0.019327677614228	0.0279721595897582	0.799816872355908	0.238688887121007	0.182706849516357	0.15833622671263	0.335366331161275	0.164053269159199
