Protein: Sry	Seed k-mer: ATTATAAT	Enrichment Score: 0.48162
A:	0.173553910821485	0.317106561976575	0.240662422013045	0.431219460594741	0.95892528072766	0.049110505356461	0.0721299121616168	0.917455623783146	0.00879810533083873	0.908615090052732	0.926981392491414	0.0229030631411059	0.422656110852828	0.336160531477187	0.247357321323532	0.24636873790792
C:	0.244647010878487	0.259459487959638	0.181192078172451	0.156611422412954	0.011289722798393	0.0110650040306441	0.0131398227509503	0.00388578046279708	0.0698604904232183	0.00611517503470117	0.0128430981214808	0.0068819333328407	0.136247615558468	0.121946469404951	0.0971533147963961	0.321670331426985
G:	0.248735494710349	0.118295437263868	0.247535043791699	0.14143976187804	0.0068819333328407	0.0128430981214808	0.00611517503470117	0.0698604904232183	0.00388578046279708	0.0131398227509503	0.0110650040306441	0.011289722798393	0.266000819494699	0.177187958109979	0.24892864037951	0.222124023554256
T:	0.333063583589678	0.305138512799919	0.330610456022805	0.270729355114265	0.0229030631411059	0.926981392491414	0.908615090052732	0.00879810533083873	0.917455623783146	0.0721299121616168	0.049110505356461	0.95892528072766	0.175095454094004	0.364705041007882	0.406560723500562	0.209836907110839
