Protein: Tbp	Seed k-mer: ATATAAG.G	Enrichment Score: 0.43305
A:	0.230142472613452	0.041272412422338	0.0904243195627254	0.451084941091755	0.117266001061502	0.3718913288917	0.373299147594815	0.613286434823657	0.532204601258159	0.0441920358713321	0.169166857719006	0.130002595091321	0.295372403659972	0.187173985310747	0.20769044799268
C:	0.529981783599123	0.598741361099404	0.374981360460714	0.067555008254214	0.184045209417617	0.0340510589656742	0.0357216633824625	0.174649764509939	0.172185102256286	0.253971056316536	0.432486527733672	0.13048394381348	0.236417905474362	0.270849243875583	0.5263292857719
G:	0.191746225633893	0.227118364394775	0.443580702890678	0.135778391518781	0.109384106518491	0.0256247157432538	0.0398614596476272	0.0926633941255828	0.0696039856168615	0.634134876035541	0.282616518978391	0.479416794638129	0.22766077357994	0.270619364165847	0.0640482788731875
T:	0.0481295181535324	0.132867862083484	0.0910136170858826	0.34558165913525	0.58930468300239	0.568432896399372	0.551117729375096	0.119400406540821	0.226006310868693	0.0677020317765909	0.115730095568931	0.26009666645707	0.240548917285725	0.271357406647823	0.201931987362233
