Protein: Tbp	Seed k-mer: TATATATA	Enrichment Score: 0.496155
A:	0.221326983980651	0.124323684234152	0.291647414918879	0.381252395733185	0.274538469787835	0.652157703007402	0.0828582351753158	0.76776084836388	0.228109677964557	0.905891606607432	0.336042617986072	0.666621972510476	0.468941457558513	0.368783812353659	0.195945717798469	0.347848315083736
C:	0.269618116381152	0.399377281935623	0.232851962521629	0.0984933574974313	0.0389628775999065	0.00501709958472576	0.00722075705214101	0.00208511271444054	0.00204436095712281	0.00402940116511141	0.00678257942180071	0.0198766801017832	0.109491243426638	0.290439302525183	0.133080672804182	0.220010565686563
G:	0.215905006370281	0.12246421562981	0.12287021906161	0.105715629516844	0.0198766801017832	0.00678257942180071	0.00402940116511141	0.00204436095712281	0.00208511271444054	0.00722075705214101	0.00501709958472576	0.0389628775999065	0.0979496982681034	0.104608390439439	0.219648840550164	0.228182208315421
T:	0.293149893267917	0.353834818200415	0.352630403497882	0.414538617252541	0.666621972510476	0.336042617986072	0.905891606607432	0.228109677964557	0.76776084836388	0.0828582351753158	0.652157703007402	0.274538469787835	0.323617600746746	0.236168494681719	0.451324768847186	0.20395891091428
