Protein: Tcf1	Seed k-mer: G.C.GGATTA	Enrichment Score: 0.474985
A:	0.235342834182305	0.145795051906539	0.395091533686248	0.183438636343055	0.191398603535469	0.0914539097339217	0.175626898096236	0.0158838173354332	0.866573799452831	0.0337515105099416	0.00997405531693151	0.899645777943167	0.251005118574721	0.281067054465727
C:	0.203137115578538	0.215284924059124	0.118012220074022	0.370605509174419	0.50735058142482	0.355184856395306	0.184993727179307	0.0228898151517621	0.0114873997447393	0.0206526449644469	0.0281105424348914	0.017111579840493	0.0991689020948752	0.169491000255977
G:	0.199667270834935	0.279444050801926	0.422367914842389	0.169445498517392	0.209881316908327	0.248254276898952	0.619720182054324	0.93120602040259	0.0798649908997941	0.0428685336778061	0.0474623312972174	0.0382091757353849	0.369038734907104	0.341800978317651
T:	0.361852779404222	0.359475973232411	0.0645283313973408	0.276510355965135	0.0913694981313849	0.305106956971819	0.0196591926701326	0.0300203471102143	0.0420738099026355	0.902727310847805	0.91445307095096	0.0450334664809547	0.2807872444233	0.207640966960644
