Protein: Tcf1	Seed k-mer: GTTAACT.A	Enrichment Score: 0.490065
A:	0.311508026077207	0.207753774987209	0.0860492885978585	0.242780685070458	0.451670891849136	0.141890569940122	0.0689275398998561	0.0266508343261441	0.970457691270065	0.968517225197542	0.0201013537618436	0.0503413716826661	0.588996542264196	0.565384607087001	0.336052653145457	0.319586169322292	0.317012095430279
C:	0.252158162568939	0.389021360841541	0.226074710111874	0.304387308923585	0.148000752940755	0.0918300720277104	0.0676013444543648	0.00347399908759571	0.00511377931840071	0.00431189226642146	0.899827234736385	0.291554097547934	0.0538697919603048	0.118531291247515	0.129970607322399	0.245770933928958	0.176600492245329
G:	0.225276544690113	0.159805786471954	0.187702862425316	0.132902285778159	0.314997444193375	0.671848594304807	0.0132368459988837	0.00382555535186835	0.00241021111800153	0.0136542717488677	0.044632872373495	0.0437657595184901	0.195822892854933	0.211998419555079	0.300091129358456	0.214425462538589	0.303621460223659
T:	0.211057266663741	0.243419077699297	0.500173138864952	0.319929720227798	0.0853309110167331	0.0944307637273603	0.850234269646895	0.966049611234392	0.0220183182935329	0.0135166107871687	0.0354385391282762	0.614338771250909	0.161310772920566	0.104085682110404	0.233885610173688	0.22021743421016	0.202765952100732
