Protein: Tcf3	Seed k-mer: A.ATCAAAG	Enrichment Score: 0.4955
A:	0.185863696653321	0.371100011184771	0.249563229893902	0.582940352303348	0.0414003399282017	0.759123013318702	0.0565790499281844	0.0439682009890079	0.962748155513982	0.971317703659817	0.937557959917072	0.125930885624821	0.20940058272334	0.485702682816226	0.397026852239735	0.311636222120507	0.320964643763411
C:	0.201179200099124	0.233867640524134	0.171285008526931	0.0433820349057951	0.395349095210975	0.00967007600381908	0.00866240669212233	0.865782543729831	0.00373089951346344	0.003541859659489	0.00399090399866499	0.0579761917392624	0.172341841267459	0.129226795655698	0.195902315907949	0.231509781857728	0.206031092882621
G:	0.183662936685542	0.122934352778065	0.128850665931974	0.129099339096868	0.497087108790438	0.00593641335475871	0.00398611609660387	0.0560005109241319	0.0032646507802162	0.0122993698444515	0.0201947259621387	0.798080776491541	0.483980214907967	0.309936155557879	0.152394691690268	0.157732302688963	0.164298982440691
T:	0.429294166562013	0.27209799551303	0.450301095647193	0.244578273693989	0.0661634560703852	0.225270497322721	0.930772427283089	0.0342487443570293	0.0302562941923388	0.0128410668362424	0.0382564101221243	0.0180121461443757	0.134277361101234	0.0751343659701966	0.254676140162047	0.299121693332802	0.308705280913277
