Protein: Tcf3	Seed k-mer: C.AAAAAAA	Enrichment Score: 0.405565
A:	0.337360773033156	0.192381746250749	0.134396669993062	0.113674629695326	0.187410878961973	0.497832366135208	0.526042548104382	0.433875715897945	0.539525437220504	0.397300566969792	0.529440699119821	0.4850352838372	0.532478842630498	0.35118908553611	0.26068807693612
C:	0.181847977548516	0.237864199583053	0.374784928276613	0.477609064918589	0.212669418109555	0.111474097760759	0.126711897431175	0.180022889133487	0.140191847800165	0.176841563453792	0.199806502920201	0.166230925472943	0.165909783352405	0.173665229150724	0.223763841128377
G:	0.282899922228275	0.390654768803585	0.355692549986183	0.347987885586672	0.392109140443397	0.194855153898222	0.214264714198468	0.104859845650795	0.113373951274975	0.115802258798458	0.148594621260007	0.150350092347644	0.177757490306664	0.138509068698377	0.189060223277131
T:	0.197891327190053	0.179099285362614	0.135125851744141	0.0607284197994129	0.207810562485075	0.195838382205811	0.132980840265976	0.281241549317774	0.206908763704357	0.310055610777958	0.122158176699972	0.198383698342214	0.123853883710433	0.336636616614788	0.326487858658372
