Protein: Tcf7	Seed k-mer: A.ATCAAAG	Enrichment Score: 0.49558
A:	0.170811187514518	0.337231498708466	0.299312190493088	0.603957493545005	0.0363375556136473	0.725864978714425	0.0678552647943951	0.0493872215088259	0.960513552467711	0.960631482492443	0.935244681874967	0.159759870670276	0.228533911042892	0.55798446372483	0.490252175062591	0.310463381646805	0.332720151260954
C:	0.196976189047283	0.228481597483654	0.173780247032889	0.0535573801320685	0.37792450184065	0.0103139743209129	0.00784881320873924	0.815495614859073	0.00503644168949516	0.00455013227980876	0.00516908807790988	0.0603397074706651	0.153896905412806	0.12351174825735	0.211975887719391	0.25027887422816	0.248936666842818
G:	0.220502655317978	0.140136968102222	0.143426459101243	0.128214405893665	0.534647341035752	0.00850126926638317	0.00455882521360669	0.0983300185422713	0.00513716837806672	0.0188148677434663	0.0238663755976993	0.761340975307934	0.523051744188607	0.25415414952191	0.124556902063492	0.132612156057677	0.120632641946163
T:	0.411709968120221	0.294149935705659	0.38348110337278	0.214270720429261	0.0510906015099511	0.255319777698279	0.919737096783259	0.0367871450898294	0.0293128374647268	0.0160035174842822	0.0357198544494241	0.0185594465511254	0.0945174393556948	0.0643496384959102	0.173215035154526	0.306645588067358	0.297710539950065
