Protein: Tcf7l2	Seed k-mer: ATCAATCA	Enrichment Score: 0.46939
A:	0.219726958407675	0.343831595313162	0.398646443515008	0.243248754347598	0.701382589313453	0.0461726587507924	0.0210912193127348	0.929740966594593	0.933346434962633	0.0310349231601704	0.118957696007357	0.586948619406517	0.135289389394142	0.119053894247113	0.361194661366954	0.333147213778541
C:	0.297064250959131	0.053759819380571	0.155438759737924	0.263908522059038	0.0260799466849322	0.0174922263688082	0.851781634243694	0.00631744414009378	0.0148796655647174	0.0235928323062002	0.690417156658943	0.0201149861325753	0.382648196640935	0.176177658078886	0.202500235738932	0.167906758828179
G:	0.365729585312701	0.335038690077583	0.350772558602317	0.392482051389118	0.0118158469734025	0.0136176524979601	0.0568482286714333	0.010629189424571	0.0304518403394277	0.0472956220902219	0.0133927149748899	0.355383967092689	0.271642857119554	0.244626316184117	0.109476340069093	0.203356036895558
T:	0.117479205320493	0.267369895228685	0.09514223814475	0.100360672204246	0.260721617028212	0.922717462382439	0.0702789177721376	0.053312399840742	0.0213220591332222	0.898076622443407	0.17723243235881	0.037552427368218	0.21041955684537	0.460142131489885	0.326828762825021	0.295589990497722
