Protein: Tcf7	Seed k-mer: TATTA.AAA	Enrichment Score: 0.40663
A:	0.245114228737875	0.0808784199776351	0.13408766665221	0.129699466470133	0.642753764067788	0.145215314181793	0.0980279107960821	0.687599101565608	0.179924401787806	0.628338469670754	0.599410236232112	0.555990133112291	0.236101035239702	0.352216720113474	0.321580695673164
C:	0.42506009078599	0.382058083357657	0.0970637965116974	0.108033139152043	0.11280295582689	0.0804173255661461	0.0545075447079953	0.081953613731381	0.253517533429443	0.105355151691706	0.156473038446262	0.217438799881574	0.36805965874528	0.245799483064317	0.223143952300384
G:	0.146127968226877	0.241253061700848	0.441002096541898	0.111722828938129	0.0780807594419681	0.0743213564703896	0.153099669451332	0.149244429664763	0.272464702801598	0.0837047677597349	0.106087219416928	0.055153320652076	0.113260077994667	0.158843623988716	0.211145664862655
T:	0.183697712249258	0.29581043496386	0.327846440294195	0.650544565439696	0.166362520663355	0.700046003781671	0.694364875044591	0.0812028550382477	0.294093361981153	0.182601610877805	0.138029505904698	0.171417746354059	0.282579228020351	0.243140172833493	0.244129687163797
