Protein: Tcf7l2	Seed k-mer: CTTTGATC	Enrichment Score: 0.49743
A:	0.285724870669409	0.27626429664374	0.238787542187884	0.0760407612139779	0.0933758939848888	0.010827084555434	0.0165458325200668	0.0071662873535589	0.0296335384193152	0.0108720476311322	0.949406929047346	0.109203028143635	0.0441981486201987	0.222623048024136	0.358871710889857	0.233072244626321	0.350702793248107
C:	0.187142546559315	0.157893448833643	0.161120200640853	0.333900537216917	0.526578148149626	0.880319695072175	0.0238338218849717	0.00821530951303491	0.00136270989150012	0.0317511916728518	0.000759523172372022	0.00136163048721116	0.567993966115326	0.142359722104263	0.167597287926039	0.141479554531129	0.243128760062813
G:	0.254855354926298	0.258177566912639	0.254018380999076	0.15090281838734	0.180528639654446	0.0341501989768986	0.000940026196041901	0.00194056689382783	0.00137920827743347	0.926186466013995	0.00258061084576929	0.0020940456785072	0.353058896961785	0.0412814759715253	0.220534326063914	0.230985282243536	0.233960999457444
T:	0.272277227844978	0.307664687609979	0.346073876172186	0.439155883181765	0.199517318211039	0.0747030213954921	0.95868031939892	0.982677836239578	0.967624543411751	0.0311902946820209	0.0472529369345122	0.887341295690647	0.0347489883026898	0.593735753900076	0.25299667512019	0.394462918599014	0.172207447231636
