Protein: Tcfap2e	Seed k-mer: GCCT.AGGC	Enrichment Score: 0.498125
A:	0.369516554239175	0.260541258955356	0.292862485272535	0.0117773080236371	0.00516013362529983	0.00225605203984515	0.0037348306538108	0.0243825981692662	0.589289637846562	0.0315237956284146	0.00533486205970389	0.0183589415132041	0.328286174800587	0.56377697795057	0.263205561601177
C:	0.172742248918668	0.211815659382838	0.281323392360201	0.272675974603605	0.983587546899615	0.96048757390864	0.283213870165035	0.379981061277545	0.123761661334592	0.00573257842310034	0.00591745741538125	0.697187775859554	0.0931728749607816	0.145250104375922	0.222320921337992
G:	0.163174196265993	0.194358791755268	0.0730127646678105	0.697187775859554	0.00591745741538125	0.00573257842310034	0.123761661334592	0.542998605395196	0.283213870165035	0.96048757390864	0.983587546899615	0.272675974603605	0.334133382900534	0.140239828606171	0.242153052535709
T:	0.294567000576165	0.333284289906538	0.352801357699453	0.0183589415132041	0.00533486205970389	0.0315237956284146	0.589289637846562	0.0526377351579928	0.0037348306538108	0.00225605203984515	0.00516013362529983	0.0117773080236371	0.244407567338097	0.150733089067337	0.272320464525122
