Protein: Tcfap2b	Seed k-mer: GCC.C.GGCA	Enrichment Score: 0.488505
A:	0.325894575177313	0.177094709925062	0.344850488241167	0.128363202411541	0.0480723804773195	0.0726275545891524	0.0571650060795536	0.0154373047131174	0.446876564713536	0.0909553514512363	0.0401513087400713	0.0873784287391553	0.532482054668867	0.325016591222514	0.203624632764122
C:	0.0996006756287166	0.035123324385399	0.211116655023378	0.0599649593601526	0.881623830289651	0.872650495807738	0.162157333344932	0.44840477939277	0.336374063817034	0.0230036889604474	0.0150722194381528	0.817019393663892	0.0214694030536299	0.271661088559718	0.179490046276163
G:	0.286847606319408	0.260876320245348	0.0157246469770128	0.777560298201558	0.0248418041765932	0.0112707483603075	0.347718844909396	0.428424530986341	0.09993993321343	0.84823976942719	0.901303081801757	0.0278755488554415	0.266772746806569	0.138859755396613	0.143884817247592
T:	0.287657142874563	0.526905645444192	0.428308209758441	0.0341115400267491	0.0454619850564366	0.0434512012428017	0.432958815666118	0.107733384907771	0.116809438256	0.0378011901611261	0.0434733900200187	0.0677266287415114	0.179275795470934	0.264462564821156	0.473000503712123
