Protein: Tcfap2c	Seed k-mer: GCCC..GGGC	Enrichment Score: 0.4684
A:	0.203042542693386	0.179290851311518	0.0934213023233605	0.181373260546483	0.0190649611331392	0.197421030257436	0.457285657873905	0.508984232789901	0.213872903088871	0.128592727996798	0.0934217732447653	0.0140341149747703	0.477740804768856	0.278658202462179
C:	0.348070847944292	0.396392209587896	0.0335400765975422	0.693723610396897	0.840720471159023	0.501099719576575	0.0633045316311839	0.143324545526459	0.0876063470771181	0.0116218397110397	0.0314813558118543	0.859004506104327	0.0594251450807427	0.136010905055746
G:	0.22739927765076	0.144382645510149	0.859004506104327	0.0314813558118543	0.0116218397110397	0.0876063470771181	0.239499172224549	0.116228200609983	0.501099719576575	0.840720471159023	0.693723610396897	0.0335400765975422	0.165356261032984	0.311291442031476
T:	0.221487331711562	0.279934293590437	0.0140341149747703	0.0934217732447653	0.128592727996798	0.213872903088871	0.239910638270362	0.231463021073657	0.197421030257436	0.0190649611331392	0.181373260546483	0.0934213023233605	0.297477789117417	0.2740394504506
