Protein: Tcfap2e	Seed k-mer: C..GAAAAAA	Enrichment Score: 0.42486
A:	0.248590644751197	0.416040789887457	0.195300839182097	0.240155940424208	0.195809246080802	0.271555309687286	0.738079633487783	0.728875840038413	0.694379997286094	0.665571924808985	0.782383825174094	0.769980587999649	0.402931968348598	0.409484697917379
C:	0.214385742038582	0.167261906185901	0.54252733756983	0.185228057562294	0.247687709576869	0.129775994451991	0.0578792885837556	0.0742047143796454	0.0849574682244889	0.111592178508602	0.0596802554365618	0.105692172241552	0.0877116003848353	0.160885566258713
G:	0.166769144466791	0.218681939895831	0.153042485505717	0.255545029765385	0.280778193938693	0.497286275399722	0.0787603071654397	0.0927370081776708	0.159476313142601	0.131546476979343	0.0475249808840631	0.0564668619661282	0.172674131869722	0.229779333944456
T:	0.370254468743431	0.198015364030811	0.109129337742356	0.319070972248113	0.275724850403636	0.101382420461001	0.125280770763022	0.10418243740427	0.0611862213468159	0.09128941970307	0.110410938505281	0.0678603777926716	0.336682299396845	0.199850401879452
