Protein: Tcfap2a	Seed k-mer: GCCT.AGGC	Enrichment Score: 0.49647
A:	0.422613203399753	0.249411516186433	0.229443183174366	0.013813992739147	0.00674429940497038	0.0017575249649311	0.00545966251237726	0.040326078459446	0.491860527521927	0.137285293735544	0.00449674910785005	0.0208063942522065	0.348376525183924	0.559410881413674	0.33190339653927
C:	0.103833232576225	0.16920457212013	0.231233415841266	0.501744244198094	0.985506801476946	0.85956164321355	0.315890213134852	0.375312037304276	0.186789596830843	0.0013955380859755	0.00325215001023392	0.463635368810553	0.0943581123610219	0.134625355771909	0.19766957088289
G:	0.119614247872619	0.202313019187313	0.0686897007899434	0.463635368810553	0.00325215001023392	0.0013955380859755	0.186789596830843	0.49743269974745	0.315890213134852	0.85956164321355	0.985506801476946	0.501744244198094	0.419592715147477	0.133295449656456	0.240404228342436
T:	0.353939316151404	0.379070892506125	0.470633700194425	0.0208063942522065	0.00449674910785005	0.137285293735544	0.491860527521927	0.0869291844888281	0.00545966251237726	0.0017575249649311	0.00674429940497038	0.013813992739147	0.137672647307577	0.172668313157961	0.230022804235403
