Protein: Tcfap2b	Seed k-mer: GCCC..GGGC	Enrichment Score: 0.49695
A:	0.241621700740276	0.170161464648592	0.0375333427243476	0.0076037918342183	0.0029956546278142	0.00474530028558664	0.0221944947321669	0.589758716039322	0.34288503365399	0.0284250675903221	0.00604632452809747	0.0166928680849159	0.664949915761067	0.315138039097784
C:	0.13403579087901	0.349276921902235	0.228172742506504	0.927736800923244	0.96570561925076	0.626301052066418	0.291408609225686	0.136945637002543	0.0260686139940054	0.00287365853110385	0.0586130827144402	0.717601046684232	0.0753063250927522	0.174615405130091
G:	0.195946384742853	0.0640187925320984	0.717601046684232	0.0586130827144402	0.00287365853110385	0.0260686139940054	0.27233467192994	0.247467862308977	0.626301052066418	0.96570561925076	0.927736800923244	0.228172742506504	0.151047385974142	0.172322394995535
T:	0.428396123637861	0.416542820917075	0.0166928680849159	0.00604632452809747	0.0284250675903221	0.34288503365399	0.414062224112208	0.0258277846491578	0.00474530028558664	0.0029956546278142	0.0076037918342183	0.0375333427243476	0.10869637317204	0.33792416077659
