Protein: Tcfap2c	Seed k-mer: GCCT.AGGC	Enrichment Score: 0.496535
A:	0.453894480775704	0.232090723394991	0.233237598488458	0.0123185382260189	0.00815886101971624	0.00141978406213282	0.00568936826525828	0.0356135475438268	0.537046441517736	0.110810022577375	0.00431416351276704	0.0169124379428693	0.313234778851023	0.570018710371851	0.326416905513973
C:	0.104785030885247	0.189297661471133	0.261213995089175	0.45963581013811	0.984660798234284	0.885962044099747	0.345363426271872	0.353585596939561	0.111900763945134	0.00180814926074451	0.00286617723323309	0.511133213693002	0.0975408325765072	0.140593965584135	0.17657574598844
G:	0.0953663940201606	0.180541045127078	0.0655562358603119	0.511133213693002	0.00286617723323309	0.00180814926074451	0.111900763945134	0.534121535416043	0.345363426271872	0.885962044099747	0.984660798234284	0.45963581013811	0.43501847212966	0.123599754917707	0.220289267106751
T:	0.345954094318889	0.398070570006799	0.439992170562055	0.0169124379428693	0.00431416351276704	0.110810022577375	0.537046441517736	0.0766793201005694	0.00568936826525828	0.00141978406213282	0.00815886101971624	0.0123185382260189	0.15420591644281	0.165787569126306	0.276718081390836
