Protein: Tcfap2a	Seed k-mer: GCC..AGGGC	Enrichment Score: 0.470965
A:	0.198426801189168	0.267754344430779	0.44828381315185	0.0314692037402179	0.035527466201977	0.127337745473278	0.135020631370543	0.418892021137193	0.201061559916129	0.0389343370936342	0.201790361163862	0.00688985110225337	0.460665932598295	0.0922721078180915
C:	0.243196121064305	0.388187143321252	0.0564026590766349	0.826322628909973	0.756642490530853	0.316078494660829	0.313649573165113	0.0822967740814483	0.0447345491642071	0.0223203947752009	0.0655540139340202	0.786922791437231	0.103658438282043	0.20461086782146
G:	0.159241340978531	0.116810565968364	0.414622542109751	0.0554358823570483	0.0229846590673895	0.155805982666007	0.287759697722703	0.0683515721054665	0.711358420881403	0.903763024556832	0.46052577033274	0.0618532196721136	0.196451777312076	0.390375045949903
T:	0.399135736767996	0.227247946279605	0.0806909856617642	0.0867722849927613	0.184845384199781	0.400777777199886	0.263570097741642	0.430459632675892	0.0428454700382609	0.0349822435743325	0.272129854569378	0.144334137788403	0.239223851807585	0.312741978410546
