Protein: Tcfe2a	Seed k-mer: ACAGGTGC	Enrichment Score: 0.49695
A:	0.306208972045411	0.165667953555519	0.213008125849294	0.283226398258958	0.439156173173166	0.0149941442758693	0.975740882003708	0.000926374649037294	0.0153824319604618	0.00154877661832515	0.00400037092877845	0.0169570499617395	0.29904709219158	0.354701324794356	0.399446478087494	0.303545413492567	0.380242163555516
C:	0.232705336884713	0.171479601626834	0.42903782477491	0.329517589373108	0.28351743213081	0.980987324213132	0.0201821226251835	0.191352575218465	0.0908534753311048	0.00591198470813249	0.000856752294719954	0.663725861994456	0.0911562312148777	0.214677079571771	0.17450790412431	0.277434952888891	0.148876320208478
G:	0.244474981895097	0.222583883743495	0.156385054506613	0.160794897754676	0.251270410452349	0.000714274537779327	0.00290862034278459	0.801648227065702	0.89304316286988	0.0017133234860649	0.989667393042985	0.148126786537359	0.448648862086628	0.236756668586243	0.200036244319521	0.200094011845063	0.163367211729309
T:	0.216610709174779	0.440268561074151	0.201568994869183	0.226461114613258	0.0260559842436748	0.00330425697321953	0.00116837502832392	0.00607282306679583	0.000720929838553533	0.990825915187478	0.00547548373351673	0.171190301506445	0.161147814506915	0.19386492704763	0.226009373468676	0.218925621773479	0.307514304506697
