Protein: Tcfe2a	Seed k-mer: CAGATGTC	Enrichment Score: 0.49155
A:	0.296416871811055	0.410112564324432	0.267313235541829	0.187928641596173	0.198671067070274	0.0292444702090421	0.954570431302737	0.0100254282799046	0.874801866953054	0.0150842339982516	0.0129808476863813	0.0377237948807867	0.0216853545592955	0.209871745286405	0.151814768449739	0.152995066450917	0.227566537413686
C:	0.24752207892841	0.201958904729063	0.132645327883403	0.136827276488331	0.425253929555786	0.953929371968061	0.0143135550884206	0.0550554315757264	0.0408487138013168	0.0105514621416746	0.00719158250108502	0.0168908188173995	0.438926593415822	0.365670919033684	0.336912397254921	0.262354158762662	0.187602922301619
G:	0.206749046347612	0.303149329304979	0.452056911089793	0.427628035535835	0.234160350854673	0.00409224067399005	0.0186946196359588	0.845504180877566	0.0691777601666944	0.0087362297216265	0.965036242493613	0.495632422865126	0.056118210365216	0.139706175530191	0.289381670454473	0.416433680811144	0.447892077088003
T:	0.249312002912923	0.0847792016415258	0.147984525484974	0.247616046379661	0.141914652519268	0.012733917148907	0.0124213939728841	0.0894149592668029	0.0151716590789352	0.965628074138447	0.0147913273189212	0.449752963436687	0.483269841659667	0.28475116014972	0.221891163840867	0.168217093975277	0.136938463196691
