Protein: Zbtb3	Seed k-mer: CACTGCA..C	Enrichment Score: 0.49751
A:	0.401190039262094	0.430223511284346	0.172575410637269	0.150970652164369	0.133421390976524	0.0427984286131471	0.890788231538126	0.00188719457965865	0.0116333115881053	0.00359654148476503	0.00294600839559813	0.908487034930667	0.0762374439796884	0.144926428463345	0.124969675863788	0.144591674989621	0.108462672858221
C:	0.144405020983513	0.168518777548204	0.268499217723414	0.297110085170241	0.282841823620094	0.941105242614804	0.00255097892035132	0.951367785150361	0.00221770761179491	0.00372821766597973	0.903519962958729	0.0570723862689789	0.329863641068139	0.162981096738354	0.3278759802912	0.313886884821388	0.241747410213561
G:	0.268531289515145	0.221246914180903	0.27413600357708	0.290868075833255	0.43471793069056	0.00178472200272506	0.103315994389044	0.0437217226326469	0.00226851867785129	0.984819430671525	0.0724571467446228	0.0182555742453511	0.228895536195908	0.177370049257136	0.295813561273721	0.301912457980226	0.350295555603251
T:	0.185873650239249	0.180010796986547	0.284789368062237	0.261051186832134	0.149018854712821	0.0143116067693242	0.00334479515247916	0.00302329763733399	0.983880462122248	0.00785581017772987	0.02107688190105	0.0161850045550034	0.365003378756264	0.514722425541165	0.251340782571291	0.239608982208765	0.299494361324967
