Protein: Zbtb3	Seed k-mer: CACTGGCA	Enrichment Score: 0.444105
A:	0.110411824619312	0.470593272746797	0.467126138277054	0.196111555801688	0.198275419299105	0.793464816620591	0.0582035117988556	0.0794713707368389	0.0322768253685262	0.0805529840086598	0.105105936764887	0.690157798204564	0.299542701020779	0.343375180937729	0.364819370574454	0.247817609028364
C:	0.519909514021034	0.172892953555076	0.160175127451526	0.169855237391659	0.671393451286589	0.0467387666693891	0.867548608082331	0.0274835406428197	0.0658933420330897	0.119144495234588	0.47020770444739	0.0339254316104422	0.155890259695591	0.213359774439731	0.14905290640312	0.143948239995835
G:	0.162398432256492	0.115202393954877	0.227364951088262	0.0790678841213435	0.0260938644103051	0.110258102130801	0.0456031654086224	0.025248381983932	0.827417168317375	0.585049582322154	0.170921157292232	0.171120521012061	0.362586184257114	0.180067190078401	0.181128180120945	0.217882074778863
T:	0.207280229103162	0.24131137974325	0.145333783183157	0.55496532268531	0.104237265004001	0.0495383145792191	0.0286447147101911	0.867796706636409	0.0744126642810091	0.215252938434598	0.253765201495491	0.104796249172932	0.181980855026516	0.263197854544139	0.304999542901481	0.390352076196938
