Protein: Zbtb12	Seed k-mer: C.TTAGAAC	Enrichment Score: 0.460575
A:	0.304197458643825	0.299411604390538	0.172938277580483	0.0435573980665935	0.44007519170251	0.122062560627562	0.0380801283910399	0.922297078903424	0.0189130345495108	0.95303209559482	0.937681838971681	0.0336970873747297	0.170132745720089	0.10059649714882	0.212847180463467
C:	0.218296459324148	0.273656727020553	0.219664393211833	0.662800103152097	0.190550899622527	0.0285721691687868	0.030859529602594	0.0164908000282685	0.0121821388258865	0.0155784628763775	0.0317817492758705	0.929288325729381	0.24754407628896	0.465736359486605	0.150888448962165
G:	0.14829289306643	0.219863959618989	0.140060929179354	0.16177119500586	0.351670503150143	0.0825420651977503	0.0392893235965877	0.039328125955692	0.939230727521608	0.0124252286070036	0.00805789140054628	0.014150085813838	0.328166758686331	0.110651332200431	0.172825505033742
T:	0.329213188965597	0.207067708969921	0.46733640002833	0.13187130377545	0.0177034055248198	0.766823205005901	0.891771018409778	0.0218839951126153	0.0296740991029942	0.018964212921799	0.0224785203519022	0.0228645010820514	0.25415641930462	0.323015811164145	0.463438865540626
