Protein: Zbtb7b	Seed k-mer: CCCCCC.AA	Enrichment Score: 0.494415
A:	0.346945730368172	0.368623065285825	0.231438475636152	0.0481391789680652	0.00594345838661112	0.00572912732313549	0.0126340119168085	0.00390649668667004	0.0921605367660151	0.372382217604676	0.615307086547483	0.669722910880512	0.433088002194027	0.487027203165196	0.140486700984991
C:	0.168959288781674	0.144281761663826	0.16754032541682	0.713512935275448	0.982493654395496	0.990327886307822	0.982154448763122	0.974044108616802	0.786817557671071	0.157921010505841	0.15287910015642	0.11285578763465	0.0640499107991178	0.216786678144566	0.242560364467273
G:	0.284688784374966	0.255122488899328	0.443911015802088	0.224736381261458	0.00926488047621722	0.00201749384960847	0.00104441273023447	0.0022125632432588	0.0264011789809391	0.109317240742333	0.0402229310663967	0.0728173687497014	0.180057400564958	0.0925623165985263	0.157092687892924
T:	0.199406196475188	0.23197268415102	0.15711018314494	0.0136115044950284	0.00229800674167564	0.00192549251943413	0.004167126589835	0.0198368314532692	0.0946207265819742	0.36037953114715	0.1915908822297	0.144603932735137	0.322804686441897	0.203623802091712	0.459860246654812
