Protein: Zbtb7b	Seed k-mer: AGACCACC	Enrichment Score: 0.490845
A:	0.203364506694891	0.306328092795411	0.220877900242031	0.47542094121837	0.395971445211181	0.00196984338262942	0.907784788415019	0.00874509499878235	0.00679117654254577	0.89423344316921	0.00755349265324434	0.0167190004467186	0.415677711970863	0.0927070082661784	0.175722136614883	0.365761709719752	0.214734034500478
C:	0.307128743233919	0.182358667579163	0.174034908478521	0.0852939153731331	0.330114005882045	0.00636566142209361	0.0819003013953049	0.981421845541252	0.966163014338216	0.0811388926619434	0.970771322442922	0.797465137132238	0.189952423575429	0.182205637213396	0.130498158230874	0.163281816082433	0.272804573975847
G:	0.203712094481587	0.20314278882667	0.26534089016556	0.281054307047816	0.260810431417711	0.962058416837797	0.00127932926733149	0.00297037200980083	0.0176049662730717	0.00494852104808237	0.00489225837931335	0.0118418161878343	0.165206712115842	0.346120774451692	0.215117871529369	0.315788387369378	0.243194143556255
T:	0.285794655589602	0.308170450798755	0.339746301113888	0.158230836360681	0.0131041174890627	0.0296060783574801	0.00903558092234461	0.00686268745016497	0.00944084284616629	0.0196791431207638	0.01678292652452	0.173974046233209	0.229163152337866	0.378966580068733	0.478661833624874	0.155168086828436	0.26926724796742
