Protein: Zbtb12	Seed k-mer: GTTCTAGA	Enrichment Score: 0.4993
A:	0.163347551630377	0.21261180450664	0.325878611052516	0.510632017042052	0.0675500198396282	0.0235462804675097	0.017817512380006	0.0197906347376073	0.00308446479276491	0.00103084682043353	0.980810733454534	0.013624414007226	0.841197516477168	0.169264659452567	0.0682345578526001	0.37818894144184	0.167389007564344
C:	0.349811201150762	0.211975315417656	0.220972266199182	0.0411149384930433	0.203498583174827	0.00203816079983798	0.00684051178260862	0.00144320078791699	0.992130086537793	0.0397678793649677	0.00626032630956431	0.00279611391855566	0.0164224938554277	0.145424391277173	0.584950401692318	0.252218424214642	0.305725582107619
G:	0.273572980101824	0.220400397526142	0.186719528350622	0.419322807649832	0.411224323638721	0.972277816808332	0.00647788551394806	0.00933788215009746	0.0026542882889296	0.0035883484836228	0.0089640063970819	0.979716042534417	0.129217219856532	0.0857527416948886	0.0657584932878695	0.209354918106066	0.229729763759381
T:	0.213268267117037	0.355012482549562	0.26642959439768	0.028930236815073	0.317727073346824	0.00213774192432005	0.968864090323437	0.969428282324378	0.00213116038051232	0.955612925330976	0.00396493383882005	0.00386342953980096	0.0131627698108724	0.599558207575371	0.281056547167212	0.160237716237451	0.297155646568656
