Protein: Zfp161	Seed k-mer: G.GCGCGC.C	Enrichment Score: 0.49876
A:	0.142623927477188	0.221169653527656	0.290069952362776	0.10975541929283	0.111744778702117	0.0159069152691703	0.0885087718659136	0.00495725690116355	0.0362410906334089	0.0149476223030775	0.32535811041677	0.0629122451837227	0.214335125526426	0.12898444782208	0.269058496368497	0.362175894963093
C:	0.111294364902713	0.0814037082132107	0.0421136214128408	0.559509529070527	0.0227273758852645	0.942291113381091	0.00372914396215686	0.902804827270766	0.00556088071632924	0.850580223109541	0.0494235744042159	0.60490418104066	0.388247878353513	0.372787008846629	0.0984215451073232	0.156050043974865
G:	0.283687735106123	0.499138246250245	0.60490418104066	0.215453829382737	0.850580223109541	0.00556088071632924	0.902804827270766	0.00372914396215686	0.942291113381091	0.0227273758852645	0.519651987923297	0.0421136214128408	0.125911714841152	0.0923899010748282	0.48401604856114	0.188642274453392
T:	0.462393972513976	0.198288392008889	0.0629122451837227	0.115281222253906	0.0149476223030775	0.0362410906334089	0.00495725690116355	0.0885087718659136	0.0159069152691703	0.111744778702117	0.105566327255718	0.290069952362776	0.271505281278909	0.405838642256462	0.148503909963039	0.29313178660865
