Protein: Zfp128	Seed k-mer: GGCGTACC	Enrichment Score: 0.495825
A:	0.194237988887216	0.288199721976989	0.285269701048933	0.252759958912561	0.220971923077525	0.016419132938073	0.185479354270837	0.00365122124098429	0.0674283118895157	0.00428350769342409	0.990094351209794	0.00545215911478643	0.149563505797034	0.100767680376909	0.177257919538538	0.425243454671606	0.451742551915822
C:	0.221897719725688	0.308425947959337	0.161573713337273	0.126942944244741	0.0262480948233284	0.00684544616841389	0.00469083721045169	0.988022063378998	0.00127551355511612	0.00240700343907229	0.00141444761074996	0.989161392017493	0.620887018524263	0.559974215203947	0.260019448346882	0.223936950005797	0.122625707850104
G:	0.264007245872741	0.10100956324202	0.132608645709834	0.276147726259248	0.366824512034739	0.879910424102554	0.730552069563458	0.00166557416761341	0.928471837224181	0.00192243916468843	0.00494083132697753	0.00184357443297413	0.192872830501094	0.113427066054794	0.181461824820658	0.143941980488785	0.218322438459696
T:	0.319857045514354	0.302364766821655	0.42054793990396	0.34414937058345	0.385955470064408	0.0968249967909589	0.0792777389552537	0.00666114121240468	0.00282433733118708	0.991387049702815	0.00355036985247803	0.00354287443474621	0.0366766451776095	0.22583103836435	0.381260807293922	0.206877614833812	0.207309301774378
