Protein: Zfp128	Seed k-mer: TATA..TATA	Enrichment Score: 0.453195
A:	0.2031758284974	0.127228875476553	0.119247936952442	0.683183375935708	0.142000971818963	0.682289676296594	0.198904304546612	0.355413586968646	0.11494267449612	0.729952875890854	0.0941770881883957	0.711470301949655	0.355186247960905	0.200856403684733
C:	0.182206903424454	0.0817027034928073	0.0942399026975357	0.0419281401554992	0.0653749515722449	0.0713995888496323	0.295014479213768	0.137868425143639	0.131368060357654	0.0626712007179383	0.180711395720397	0.075041858400367	0.367677292780355	0.355037637588001
G:	0.259961248446426	0.530799441677119	0.075041858400367	0.180711395720397	0.0626712007179383	0.131368060357654	0.0849087947026054	0.19236472860408	0.0713995888496323	0.0653749515722449	0.0419281401554992	0.0942399026975357	0.158506658210558	0.246966440509814
T:	0.35465601963172	0.26026897935352	0.711470301949655	0.0941770881883957	0.729952875890854	0.11494267449612	0.421172421537014	0.314353259283635	0.682289676296594	0.142000971818963	0.683183375935708	0.119247936952442	0.118629801048182	0.197139518217452
