Protein: Zfp105	Seed k-mer: AAA.AACAA	Enrichment Score: 0.48708
A:	0.363104406143578	0.419706936019113	0.164481236314068	0.715574813040791	0.883835735868732	0.558796747279541	0.267037236649625	0.939762429268571	0.897071797708074	0.305903810077852	0.880940439447128	0.710082317498233	0.246712084904475	0.429749499323936	0.33964315412751
C:	0.182807397235804	0.133741609456235	0.41826300729661	0.117639228649443	0.0269845948903728	0.151279687766369	0.403487712704613	0.0136273552067844	0.00987812543350158	0.516039588691412	0.0279576395653296	0.0524635693886733	0.12515544068816	0.181755030656899	0.0972159314637004
G:	0.145232265284285	0.222546460467887	0.0523973849957852	0.0649135911826016	0.0325840420280776	0.0331203736260355	0.0267455887929127	0.0345785458680749	0.0356416109185662	0.0553108744145804	0.0483500016585169	0.040249781043959	0.318626704021001	0.176892468369937	0.355249527460469
T:	0.308855931336333	0.224004994056765	0.364858371393536	0.101872367127164	0.0565956272128175	0.256803191328054	0.302729461852849	0.0120316696565693	0.0574084659398582	0.122745726816156	0.0427519193290249	0.197204332069135	0.309505770386363	0.211603001649228	0.20789138694832
