Protein: Zfp187	Seed k-mer: G.CCT.GTCC	Enrichment Score: 0.49002
A:	0.173063032536741	0.353276529746572	0.307337268585023	0.316635935066995	0.0154835803789568	0.0112427369307501	0.0622730721181236	0.126670227129053	0.0930901418386328	0.0201646921940255	0.0108725957335861	0.0180019894669435	0.335702980782444	0.150307900922251	0.286490142711659	0.265022228568711
C:	0.169679590042048	0.17999586895836	0.038054810615979	0.564669975457077	0.923763966744744	0.956299937029394	0.107531260433739	0.201521430809057	0.045923935171704	0.0154830072351325	0.67244763508681	0.846860238892439	0.408170205799536	0.362295612015329	0.242210528385129	0.249654977903882
G:	0.440836361293763	0.24940306835752	0.616380094684852	0.0237318855321988	0.0194394661673701	0.00944287172578353	0.0107392762869837	0.192005481551979	0.835791906354688	0.00956660571665113	0.00455859766744419	0.0176047339893562	0.104095451610245	0.0674084678413956	0.176531912157167	0.272219189976006
T:	0.216421016127448	0.217324532937548	0.038227826114146	0.0949622039437287	0.0413129867089293	0.0230144543140719	0.819456391161154	0.479802860509911	0.0251940166349748	0.954785694854191	0.312121171512159	0.117533037651261	0.152031361807775	0.419988019221023	0.294767416746044	0.2131036035514
