Protein: Zfp105	Seed k-mer: G..TCAATAA	Enrichment Score: 0.464765
A:	0.266678148134119	0.0605132596900669	0.129834860771214	0.222891178819981	0.0514702072952836	0.0332951451951545	0.159221967132679	0.909619437577413	0.790896866533591	0.0165494827034653	0.747907163834226	0.696917069149832	0.132205631992245	0.140809111833211	0.0548219046506089	0.144402019569368	0.263219058041896
C:	0.210792541867924	0.387387709330458	0.0946686239430861	0.216517985712906	0.183172724752104	0.0986225207803586	0.75773435302225	0.0415768662552699	0.139369768179154	0.121837875033767	0.043146843461101	0.0997502733216183	0.270740717233956	0.132228788215596	0.313779802883291	0.139143312957159	0.160956573327398
G:	0.270357170418528	0.139939833876608	0.58145510184102	0.374389289134123	0.261263789593782	0.0752184048598114	0.066212868561158	0.0307162797107362	0.0442026865563246	0.111434240156903	0.179106479251063	0.0983158947960955	0.232895598390963	0.164933006123656	0.179754767318129	0.255283183684397	0.382445736452186
T:	0.25217213957943	0.412159197102868	0.194041413444679	0.18620154633299	0.504093278358831	0.792863929164676	0.0168308112839137	0.0180874164565811	0.0255306787309305	0.750178402105865	0.0298395134536093	0.105016762732454	0.364158052382836	0.562029093827537	0.451643525147971	0.461171483789076	0.193378632178519
