Protein: Zfp187	Seed k-mer: ATG.AC.AAT	Enrichment Score: 0.497795
A:	0.190538751212288	0.132706630818591	0.936111563210591	0.0127206138910453	0.00718530226325272	0.0591340425091121	0.900905804842573	0.00316271046869724	0.0346307238861193	0.967171279005138	0.980796341150691	0.020629722097394	0.427020246918164	0.447074959584502
C:	0.277187085130796	0.18724615499656	0.0211410395223405	0.0233501765688957	0.00238642537439321	0.00900493315326316	0.00257514283926338	0.941370750010673	0.265317647173159	0.00701449170586037	0.00222761533267734	0.00575453641955615	0.122682269293082	0.284989574957252
G:	0.240231185848983	0.11129282969066	0.0339319198188829	0.00416426003316089	0.987110051211015	0.0340156362361264	0.0866771534842564	0.00219638335139719	0.0371785978074197	0.00302759107375625	0.0100487532075611	0.00540821544001464	0.118346876630647	0.0616326153028505
T:	0.292042977807933	0.568754384494188	0.00881547744818532	0.959764949506898	0.00331822115133882	0.897845388101498	0.00984189883390717	0.0532701561692327	0.662873031133302	0.0227866382152448	0.00692729030907065	0.968207526043035	0.331950607158108	0.206302850155396
