Protein: Zfp161	Seed k-mer: CGCGCA..GC	Enrichment Score: 0.47972
A:	0.142645631084125	0.142215043621987	0.0242796066276555	0.0155694145887112	0.0394466718167897	0.0164036049594323	0.0636195714263916	0.787910999030341	0.260517261988779	0.203751916731027	0.0810747466475493	0.096433990089888	0.266015903654494	0.223959586008911
C:	0.0700720220851616	0.493588288561064	0.923170116636294	0.0331180693206055	0.888724125053819	0.00815669403540481	0.860169038547587	0.122938624617637	0.103412968823019	0.216621055615446	0.0409172554728424	0.76030346865855	0.1901844310874	0.243225109302767
G:	0.573756852865763	0.0670401583591416	0.017566690841655	0.937201767371703	0.0200744206333072	0.963367075461437	0.0447534010997483	0.024389471238832	0.509585317957546	0.251506194291462	0.820854276937532	0.0549416354309916	0.384582640185201	0.228688369247319
T:	0.213525493964951	0.297156509457808	0.0349835858943952	0.0141107487189799	0.0517547824960836	0.0120726255437255	0.0314579889262735	0.0647609051131902	0.126484451230656	0.328120833362064	0.0571537209420764	0.0883209058205703	0.159217025072904	0.304126935441003
