Protein: Zfp281	Seed k-mer: G..ACCCCCA	Enrichment Score: 0.49502
A:	0.463581627607588	0.128956405793009	0.217730405666565	0.535426992988073	0.222390614484732	0.640877030523282	0.0218959401404288	0.0339926360259805	0.00909561849725498	0.0101476522640758	0.0196052035737393	0.752207818289902	0.466313211869017	0.177747863309575	0.314878845135992	0.322202341873316	0.284924694367546
C:	0.0616041578860524	0.062320602206296	0.0206902008884413	0.0428569403613822	0.125415317363961	0.065373321041891	0.962921865456164	0.953698667529582	0.979346312919456	0.971251788696004	0.958972908470357	0.0801775718702516	0.149124077977059	0.0555158802091629	0.170635940010293	0.105205620889193	0.228846007326688
G:	0.232850307556492	0.481129876518795	0.453776081951525	0.149994208152504	0.375418802609477	0.223488801767269	0.0109990580756433	0.00296747247556114	0.00661446916770952	0.0102277551151754	0.0124958947057493	0.0460202863491562	0.10740312483378	0.159169760230814	0.187525119247192	0.230803342339846	0.32095097469253
T:	0.241963906949867	0.3275931154819	0.307803311493468	0.271721858498041	0.27677526554183	0.0702608466675587	0.00418313632776433	0.00934122396887615	0.00494359941557917	0.00837280392474484	0.00892599325015478	0.12159432349069	0.277159585320144	0.607566496250447	0.326960095606523	0.341788694897645	0.165278323613237
