Protein: Zfp281	Seed k-mer: CCC.CCCCC	Enrichment Score: 0.49879
A:	0.20153496046796	0.136152845671752	0.263149096835877	0.142183036120652	0.0449824314324291	0.246434133451606	0.12304917657484	0.0181530560666145	0.0354591737877656	0.0200000142051492	0.0152986916100886	0.0285645715939353	0.300127326643093	0.159062563542367	0.158172234828261
C:	0.16521270578789	0.443451335208215	0.555137141698063	0.737633957341794	0.884111807252624	0.590577980011108	0.591256963060951	0.944742326026879	0.953843818118773	0.95434418434994	0.964389609052764	0.936151862289289	0.517309082722688	0.513443024501911	0.647054869586362
G:	0.201323752972549	0.179132121931706	0.0679825536937562	0.0457223677396856	0.0453564466083967	0.0226547462856917	0.0330717004132414	0.0102537473450959	0.00398808299577399	0.00596554913712525	0.0067546301627541	0.0116604482000973	0.0297000949419116	0.0518339923400484	0.13325641998215
T:	0.4319285807716	0.241263697188327	0.113731207772304	0.0744606387978685	0.0255493147065499	0.140333140251594	0.252622159950967	0.0268508705614101	0.00670892509768776	0.0196902523077851	0.0135570691743932	0.023623117916678	0.152863495692307	0.275660419615673	0.0615164756032271
