Protein: Zfp410	Seed k-mer: CCGCCCC..A	Enrichment Score: 0.422475
A:	0.162978809621143	0.182449115126699	0.2989729119728	0.13603935720487	0.180084169692343	0.0693539100080451	0.0604847299279931	0.0232804771993156	0.166895890483118	0.0504011396988348	0.103847313830154	0.0648145067755437	0.340920968157872	0.30196701818412	0.479799877793243	0.229468926483508	0.261733471392655
C:	0.284780971208907	0.447584218691699	0.261013859550662	0.43306219779619	0.395933045411985	0.748509929469554	0.717828276473914	0.071761934895484	0.749761889564235	0.775248356936024	0.767557379201304	0.748318109882012	0.0719417266393864	0.263512155463866	0.222955388856428	0.283620854810671	0.180191240806221
G:	0.237433383745591	0.0694644376826177	0.213211230302604	0.144273614166801	0.158564761887506	0.0688984656089452	0.0753327399078803	0.645500436358169	0.0627304384204215	0.0890719220416969	0.068804022074663	0.114587745962344	0.242980651601775	0.165927263204916	0.118441459189821	0.14309909992776	0.169905343166663
T:	0.31480683542436	0.300502228498984	0.226801998173933	0.286624830832139	0.265418023008166	0.113237694913456	0.146354253690213	0.259457151547032	0.020611781532225	0.0852785813234441	0.0597912848938785	0.0722796373801013	0.344156653600968	0.268593563147097	0.178803274160508	0.343811118778061	0.388169944634461
