Protein: Zfp691	Seed k-mer: AGACTCCT	Enrichment Score: 0.47978
A:	0.236868096559379	0.522781608169379	0.192915281889452	0.146545894273598	0.454326378669142	0.0279555321211977	0.916030401599499	0.0105948964379382	0.00727071816188921	0.0142912908136765	0.154586099038368	0.0510211245049908	0.158292591087012	0.281766150104285	0.292443852340739	0.425731793243347	0.205385083567031
C:	0.155338109126184	0.133020709130991	0.374870091148874	0.199196366203934	0.0950485899495536	0.0230955663230632	0.0203581281674124	0.938035594097936	0.0149475300173939	0.964878046897751	0.759293502342973	0.268239079034559	0.386842646636414	0.184138537563632	0.267259348501162	0.262331006630788	0.384164255273888
G:	0.295090745978166	0.177385966547739	0.221405501135317	0.418034616464665	0.151770300613901	0.878335234080236	0.0398941620928493	0.0394154877276003	0.00798992495506104	0.0111260576907918	0.050150953410933	0.0534097563753256	0.113151691120601	0.187915818186787	0.241323169581267	0.1490757206375	0.267912493557296
T:	0.312703048336271	0.166811716151891	0.210809125826356	0.236223123057802	0.298854730767403	0.0706136674755027	0.0237173081402395	0.0119540217365256	0.969791826865656	0.00970460459778028	0.0359694452077254	0.627330040085125	0.341713071155974	0.346179494145296	0.198973629576833	0.162861479488364	0.142538167601786
