Protein: Zfp691	Seed k-mer: CAGTGCTC	Enrichment Score: 0.498195
A:	0.0995669522625121	0.246129811133539	0.313397548305109	0.441984790948532	0.122298794005564	0.938960366301424	0.00380716950156389	0.00654320410301466	0.0142125167033823	0.00501750580687351	0.0013713906222028	0.00168556158124841	0.516096640162467	0.118857763117235	0.306387179037908	0.38840719634277	0.308084903803601
C:	0.441927966581736	0.144775631658487	0.260626096785731	0.199974943512885	0.673788962807137	0.0092952805629986	0.00179679371318189	0.00180304513753394	0.000681413112543617	0.98956804877767	0.00753942401495005	0.992038723612598	0.399155399954793	0.390407865334681	0.166099972650009	0.129054051377365	0.152184851969571
G:	0.1953880870397	0.333676542501486	0.161737720023143	0.21183912146349	0.0789124644897346	0.0485268706335196	0.985916357694415	0.00178809336362115	0.981107754938725	0.000803968069229818	0.00242978093753089	0.00289776995630446	0.0579527283402929	0.146017328952419	0.132121658516919	0.288223890572267	0.160806698133361
T:	0.263116994116053	0.275418014706488	0.264238634886017	0.146201144075093	0.124999778697565	0.00321748250205815	0.00847967909083973	0.98986565739583	0.00399831524534954	0.0046104773462269	0.988659404425316	0.0033779448498495	0.0267952315424469	0.344717042595665	0.395391189795164	0.194314861707599	0.378923546093467
