Protein: Zfp740	Seed k-mer: CCCCCCGG	Enrichment Score: 0.43775
A:	0.398967062835916	0.457709308251403	0.393346469160132	0.11952799481892	0.273932891224595	0.0689352952300231	0.0296636659077685	0.0207248086671598	0.0150860440501743	0.0156281762337868	0.0675076916057188	0.108097105577684	0.0656960546887804	0.395004778836299	0.527080735977045	0.289378245647904	0.147135850397619
C:	0.0716035425925263	0.0581917042291981	0.0323649385012151	0.0911914575933407	0.123547912893212	0.812882709727072	0.90778966253	0.933422022636722	0.948448286539879	0.884941188848399	0.744062516912616	0.140613918808839	0.247238838498693	0.0771854231020667	0.0936502243997296	0.245158521058751	0.260117401838456
G:	0.323957250344105	0.26721804742321	0.329532692351392	0.190078390261279	0.0730751879977944	0.0152445645704063	0.0248042374466973	0.016796135019031	0.018029927712182	0.061171658913792	0.107304732512674	0.65017434099838	0.50614941897499	0.345914368851529	0.281852566802878	0.348803208189204	0.145993113194783
T:	0.205472144227453	0.216880940096189	0.244755899987261	0.599202157326461	0.529444007884398	0.102937430472499	0.0377424341155341	0.0290570336770876	0.0184357416977647	0.0382589760040224	0.0811250589689914	0.101114634615097	0.180915687837537	0.181895429210106	0.0974164728203478	0.11666002510414	0.446753634569143
