Protein: Zfp740	Seed k-mer: CCCCCCCC	Enrichment Score: 0.499505
A:	0.136946312213347	0.185528160289614	0.171276478417777	0.145640623228551	0.138035093479349	0.222728360308938	0.0246328990964248	0.00955683442227882	0.0104163137024868	0.0264008306970306	0.195502044414702	0.491290548343831	0.305152676208137	0.253497141455324	0.156963668108785	0.17954946941316
C:	0.396508299847777	0.417538407295081	0.341900507259185	0.590571595921463	0.660415943697068	0.750531616717399	0.963313993819991	0.979956447439987	0.977423762539805	0.956740352373623	0.755958856892566	0.36478545731082	0.398159653252204	0.232647330533887	0.297876394034753	0.29251364438346
G:	0.135309499179574	0.215408891680012	0.172832453495049	0.146376161216508	0.114015863207587	0.00752774146375434	0.00189429499628185	0.000642349564164791	0.000540528043179559	0.00154442558207071	0.0110595009598374	0.0256133718634474	0.0716797363255832	0.213245840833774	0.144682750462714	0.319462243170507
T:	0.331235888759302	0.181524540735293	0.313990560827989	0.117411619633478	0.0875330996159968	0.0192122815099091	0.0101588120873023	0.00984436857356979	0.0116193957145286	0.0153143913472761	0.0374795977328946	0.118310622481902	0.225007934214075	0.300609687177014	0.400477187393747	0.208474643032873
