Protein: Zic1	Seed k-mer: CCCC..GGGG	Enrichment Score: 0.4951
A:	0.174039591746383	0.359560309475115	0.0944683036866483	0.114860285151229	0.105194978758313	0.0452340382891032	0.145554738614157	0.045273191233523	0.0557372619980684	0.0252365237892168	0.0547548284818338	0.0891454097441286	0.0608325786474077	0.0977422772443525
C:	0.367917808376691	0.309872175539918	0.790352458904872	0.779490252302552	0.837711636099516	0.825038720993972	0.592986406651292	0.175000890728307	0.0739899787188562	0.0318568613529545	0.0508946340643847	0.0260338276643511	0.0677871868953474	0.194545217643926
G:	0.270176288061016	0.111047091794689	0.0260338276643511	0.0508946340643847	0.0318568613529546	0.0739899787188562	0.228414503273096	0.607614869174327	0.825038720993972	0.837711636099516	0.779490252302552	0.790352458904872	0.717352267276858	0.591608125508604
T:	0.18786631181591	0.219520423190278	0.0891454097441286	0.0547548284818338	0.0252365237892168	0.0557372619980684	0.0330443514614552	0.172111048863843	0.0452340382891032	0.105194978758313	0.114860285151229	0.0944683036866483	0.154027967180387	0.116104379603117
