Protein: Zic1	Seed k-mer: C.CAGCAGG	Enrichment Score: 0.493305
A:	0.161682825733842	0.259478404078232	0.371333538288992	0.0922294734640429	0.419590657771781	0.00298509640328039	0.909380797864247	0.0394177340229821	0.00171088144495679	0.80379215371466	0.0153142151479412	0.00379324869549479	0.431916153516662	0.269331491051291	0.395872860002155
C:	0.40511390151349	0.3579878922732	0.0264385425085416	0.883388787201301	0.1698736354327	0.976375020966719	0.0213574477730647	0.00701373630933126	0.845893682252232	0.00304917693309057	0.0171533925914936	0.0114142184353507	0.266291044167411	0.239338444609585	0.10398025565685
G:	0.171743054452512	0.146793013041444	0.283597674721902	0.0187582713548361	0.253265820550576	0.00272207124803628	0.0132990624264404	0.948302142825772	0.00575569098887317	0.14868697566269	0.680238763582064	0.937402896395736	0.144154390515673	0.366817198946631	0.214795623043568
T:	0.261460218300156	0.235740690607124	0.318630244480564	0.00562346797982031	0.157269886244943	0.017917811381964	0.0559626919362475	0.00526638684191506	0.146639745313938	0.0444716936895594	0.287293628678501	0.0473896364734181	0.157638411800254	0.124512865392492	0.285351261297427
