Protein: Zic2	Seed k-mer: CCCC..GGGG	Enrichment Score: 0.495585
A:	0.171475215937752	0.274948168092017	0.136265531396644	0.116272446139002	0.103528600234845	0.0570229212748192	0.0574828762411129	0.0715351746391544	0.0585705072298909	0.028927198916656	0.0646802360587113	0.113842914287542	0.119744471479253	0.0657926560505565	0.17881864804493
C:	0.300728992767982	0.494479181348381	0.716563257835832	0.772963974612678	0.835329262158299	0.813129118375195	0.76627265559925	0.110225858535545	0.0712774531200952	0.032214938690201	0.0460833431896086	0.0333282964799814	0.0682944412820053	0.215443458747326	0.196535486253813
G:	0.275647942094589	0.0909261794624404	0.0333282964799814	0.0460833431896086	0.032214938690201	0.0712774531200952	0.157289519600813	0.631759559847513	0.813129118375195	0.835329262158299	0.772963974612678	0.716563257835832	0.60921760428368	0.56295059076728	0.205955321984733
T:	0.252147849199677	0.139646471097162	0.113842914287542	0.0646802360587113	0.028927198916656	0.0585705072298909	0.0189549485588234	0.186479406977788	0.0570229212748192	0.103528600234845	0.116272446139002	0.136265531396645	0.202743482955061	0.155813294434838	0.418690543716523
