Protein: Zic2	Seed k-mer: C.CAGCAGG	Enrichment Score: 0.492935
A:	0.201522193067703	0.238704949381827	0.350857902047959	0.104423303025766	0.313245810675351	0.00358994195605107	0.899716096525759	0.0492243632422561	0.00202097339489514	0.772817512592719	0.00845556231047015	0.00411820078878555	0.36715124244538	0.267507905548199	0.444448914150772
C:	0.336845014678194	0.35437843439097	0.0314270482030479	0.870793514253159	0.259943593467258	0.973376972945308	0.0254890794055258	0.00641470200109169	0.859631077747346	0.0026585703816194	0.0151703398091589	0.00918765295047911	0.230955146363652	0.19366028579818	0.0991274677797265
G:	0.183740389587064	0.165331732062492	0.308481895132862	0.0186764661055601	0.277569590891493	0.00252023339521949	0.015458406194432	0.938214277871109	0.00790298516972887	0.187333717958274	0.594694642110373	0.961505843145346	0.204474960432173	0.430069505507387	0.212182302957055
T:	0.277892402667039	0.241584884164711	0.309233154616131	0.00610671661551557	0.149241004965898	0.0205128517034213	0.0593364178742831	0.00614665688554373	0.13044496368803	0.0371901990673872	0.381679455769998	0.0251883031153892	0.197418650758795	0.108762303146235	0.244241315112447
