Protein: Zic3	Seed k-mer: C.CAGCAGG	Enrichment Score: 0.491005
A:	0.225536559327159	0.332395849121733	0.309872880864876	0.101947381616677	0.541365988609545	0.00330724923654866	0.903285551915458	0.0398872155883895	0.00170441243429638	0.723052161791433	0.011757510276332	0.0036555112038903	0.477845981050865	0.225705674262563	0.365251451638544
C:	0.223459288376895	0.181809779253005	0.0179220844811858	0.87160664917252	0.0891004195972135	0.969996584645007	0.0215902246329195	0.00973220145372651	0.827209236668603	0.00310182608959081	0.0243978109769797	0.0129519043403444	0.270398841998659	0.298504902831462	0.191780401517609
G:	0.280506637255007	0.207289577702536	0.386135170144237	0.0202665561672246	0.242169893363014	0.0024135277171097	0.0158715594536322	0.945082739931713	0.00627617552864924	0.221050929917401	0.560633439574426	0.939585517513256	0.113113443386318	0.258523150687119	0.197411387210641
T:	0.270497515040939	0.278504793922726	0.286069864509701	0.00617941304357791	0.127363698430228	0.0242826384013343	0.05925266399799	0.00529784302617103	0.164810175368451	0.052795082201575	0.403211239172262	0.0438070669425096	0.138641733564158	0.217266272218856	0.245556759633206
