Protein: Zic3	Seed k-mer: CCCC..GGGG	Enrichment Score: 0.49369
A:	0.133122786586337	0.305344430780248	0.125347456601663	0.129456725802724	0.1176806893086	0.0465647706461642	0.0471315668329994	0.0596805900212292	0.0588718372740458	0.0355897095488107	0.070455099453132	0.123442177383157	0.104028543616238	0.0709679284663911	0.147077146446577
C:	0.374621917585756	0.451194873671444	0.723515616456517	0.754873233520244	0.809987225842322	0.81726325129304	0.79059441641592	0.087688367885518	0.0773001407867502	0.036742375300267	0.0452149412238997	0.0276947495586633	0.0694394544232089	0.197800842392932	0.235294237524465
G:	0.252863682718073	0.0936384583215954	0.0276947495586633	0.0452149412238997	0.036742375300267	0.0773001407867502	0.143506414287801	0.665194728365337	0.81726325129304	0.809987225842322	0.754873233520244	0.723515616456517	0.636026260715361	0.581171670683047	0.230097279831735
T:	0.239391613109834	0.149822237226713	0.123442177383157	0.070455099453132	0.0355897095488107	0.0588718372740458	0.0187676024632796	0.187436313727916	0.0465647706461642	0.1176806893086	0.129456725802724	0.125347456601663	0.190505741245192	0.15005955845763	0.387531336197224
