Protein: Zscan4	Seed k-mer: GCACACAA	Enrichment Score: 0.486595
A:	0.275231182192525	0.269193159618202	0.439403329319615	0.409796038659583	0.0384090944082252	0.0673820283571304	0.962897079155566	0.0437570441111511	0.970697714202601	0.0660334049522768	0.797405696133722	0.774632036626036	0.324016855370472	0.365795596797336	0.29960146483699	0.328228987069917
C:	0.387762880005756	0.327668974246527	0.233641081403951	0.139855704533175	0.0112314952637374	0.90901438937976	0.00956283384903716	0.937596142655668	0.00537900490590077	0.63655624754698	0.0667264048988766	0.121694232545965	0.235407808863878	0.192247131089063	0.246866746688155	0.242048415437453
G:	0.112850681272967	0.360933981191447	0.0223594108416127	0.390449583320742	0.936208918724867	0.021244314415459	0.00968651714635976	0.00764830540599846	0.0168252285581186	0.0439547488697684	0.0119884569740414	0.0177728264792938	0.213365255177539	0.134547104156123	0.0983948449135685	0.251143449555718
T:	0.224155256528752	0.0422038849438237	0.304596178434821	0.0598986734864998	0.0141504916031704	0.0023592678476505	0.0178535698490374	0.0109985078271822	0.00709805233337956	0.253455598630974	0.12387944199336	0.0859009043487049	0.227210080588111	0.307410167957479	0.355136943561286	0.178579147936912
