Protein: Zscan4	Seed k-mer: TGTGCACA	Enrichment Score: 0.498855
A:	0.203926824989005	0.360341397341762	0.251194956613495	0.487185967781914	0.122837973217254	0.0204668735221119	0.00588653343110499	0.030656082808823	0.0020781616719876	0.960642728240516	0.00372526044734854	0.770326739230604	0.0448075993925753	0.751319687767763	0.362742228467323	0.436635261496292	0.303930479677689
C:	0.15725974032383	0.265216085812089	0.298805676395231	0.122472105193673	0.0510619582357797	0.00999170898249638	0.0266626352338524	0.00216664752817907	0.96509910799101	0.0068081030945267	0.965816157048043	0.0557733293163625	0.382307306639677	0.0474171766352353	0.228898289456936	0.111479268696864	0.285373516260606
G:	0.307070859875364	0.147327308311869	0.241050517916445	0.214362292713611	0.0557733293163625	0.965816157048043	0.0068081030945267	0.96509910799101	0.00216664752817907	0.0266626352338524	0.00999170898249638	0.0510619582357797	0.0429204384852374	0.0444820922058927	0.0853727898682937	0.217284408488917	0.195872350042885
T:	0.331742574811801	0.22711520853428	0.208948849074829	0.175979634310802	0.770326739230604	0.00372526044734854	0.960642728240516	0.0020781616719876	0.030656082808823	0.00588653343110499	0.0204668735221119	0.122837973217254	0.52996465548251	0.156781043391109	0.322986692207447	0.234601061317926	0.21482365401882
